<ant_info.003>                                                <BGK-06/10/04=211>

ANTENNA ID        DESCRIPTION                  DATA SOURCE (# OF TESTS) YR/MO/DY
                                                             |AVE = # in average
 [north]  [ east]  [  up ]                                   | L1 Offset (mm)
 [90]  [85]  [80]  [75]  [70]  [65]  [60]  [55]  [50]  [45]  | L1 Phase at
 [40]  [35]  [30]  [25]  [20]  [15]  [10]  [ 5]  [ 0]        | Elevation (mm)
 [north]  [ east]  [  up ]                                   | L2 Offset (mm)
 [90]  [85]  [80]  [75]  [70]  [65]  [60]  [55]  [50]  [45]  | L2 Phase at
 [40]  [35]  [30]  [25]  [20]  [15]  [10]  [ 5]  [ 0]        | Elevation (mm)

NONE                 NONE                                     NGS (  0) 99/10/04
       0.0       0.0       0.0
   0.0   0.0   0.0   0.0   0.0   0.0   0.0   0.0   0.0   0.0
   0.0   0.0   0.0   0.0   0.0   0.0   0.0   0.0   0.0
       0.0       0.0       0.0
   0.0   0.0   0.0   0.0   0.0   0.0   0.0   0.0   0.0   0.0
   0.0   0.0   0.0   0.0   0.0   0.0   0.0   0.0   0.0
AERAT2775_159        AeroAnt AT2775-159W no radome            NGS (  3) 05/04/15
       0.4       0.6      93.3
   0.0   0.4   1.0   1.7   2.5   3.3   3.9   4.4   4.6   4.6
   4.4   3.8   3.1   2.2   1.2   0.2  -0.9   0.0   0.0
       0.5       2.7      97.7
   0.0   0.2   0.3   0.3   0.3   0.2   0.1   0.0  -0.1  -0.2
  -0.1  -0.1   0.1   0.3   0.5   0.8   1.1   0.0   0.0
AERAT2775_159   SPKE AeroAnt AT2775-159W +radome              NGS (  3) 05/04/08
      -0.2       0.6      96.0
   0.0   0.0   0.6   1.5   2.7   3.8   4.8   5.6   5.9   5.9
   5.5   4.8   3.7   2.4   1.0  -0.3  -1.4   0.0   0.0
       0.2       1.9     100.9
   0.0   0.0   0.1   0.2   0.3   0.3   0.3   0.3   0.4   0.3
   0.3   0.3   0.2   0.1   0.1   0.1   0.0   0.0   0.0
AERAT2775_160        L1/L2                                    NGS (  3) 02/01/29
      -1.6       2.8      22.3
    .0   1.6   2.7   3.5   4.0   4.4   4.6   4.9   5.1   5.2
   5.3   5.4   5.3   4.9   4.2   3.1   1.4    .0    .0
      -1.6       6.1      30.2
    .0   4.1   6.4   7.5   7.5   7.0   6.1   5.1   4.2   3.6
   3.4   3.6   4.3   5.4   6.9   8.8  10.7    .0    .0
AERAT2775_41         Aviation L1/L2                           NGS (  1) 03/05/30
        .3       2.8      27.2
    .0   2.2   3.6   4.4   4.7   4.9   4.9   4.9   4.9   4.9
   4.9   4.8   4.6   4.2   3.3   1.7   -.7    .0    .0
       -.4      -3.3      33.2
    .0   4.4   7.0   8.3   8.6   8.3   7.7   7.0   6.3   5.9
   5.7   5.8   6.2   6.7   7.3   7.7   7.8    .0    .0
AERAT2775_42         Geodetic L1/L2                           NGS (  3) 01/07/26
      -2.2      -4.3      65.6
    .0  -1.3  -1.2   -.2   1.2   2.9   4.5   5.9   6.8   7.1
   7.0   6.3   5.2   3.7   2.2    .8   -.1    .0    .0
      -1.1      -3.7      67.2
    .0  -1.1  -1.6  -1.6  -1.3   -.7    .0    .7   1.3   1.7
   1.9   1.7   1.3    .4   -.8  -2.5  -4.6    .0    .0
AERAT2775_42+CR      Marine III +CR adaptor                   NGS (  4) 05/05/31
      -0.1      -2.6      65.7
   0.0   1.2   2.0   2.6   3.0   3.2   3.2   3.1   3.0   2.8
   2.7   2.5   2.5   2.4   2.4   2.5   2.6   0.0   0.0
      -0.1      -0.4      93.6
   0.0  -0.3  -0.4  -0.5  -0.4  -0.4  -0.3  -0.3  -0.3  -0.4
  -0.4  -0.5  -0.6  -0.6  -0.6  -0.5  -0.2   0.0   0.0
AERAT2775_43         Choke Ring Geodetic L1/L2                NGS (  3) 01/05/09
       2.3       -.6      88.3
    .0    .1    .6   1.3   2.0   2.7   3.4   3.8   4.1   4.2
   4.0   3.7   3.2   2.6   2.1   1.6   1.3    .0    .0
       -.2        .2      94.1
    .0   -.7  -1.0  -1.2  -1.3  -1.3  -1.3  -1.4  -1.4  -1.6
  -1.7  -1.7  -1.7  -1.4   -.8    .3   1.8    .0    .0
AERAT2775_43    SPKE Choke Ring Geodetic L1/L2 + radome       NGS (  3) 01/05/09
       1.9      -1.2      87.9
    .0   -.1    .5   1.3   2.3   3.4   4.3   5.0   5.3   5.4
   5.2   4.6   4.0   3.1   2.3   1.8   1.6    .0    .0
       -.4        .1      96.1
    .0   -.2   -.2   -.1    .0    .2    .2    .3    .3    .2
    .2    .1    .1    .1    .3    .8   1.5    .0    .0
AERAT2775_62         L1/L2                                    NGS (  3) 01/10/30
      -2.4      -4.7      55.4
    .0   1.3   2.4   3.7   4.8   5.7   6.4   7.0   7.3   7.4
   7.3   6.9   6.2   5.3   4.2   2.9   1.5    .0    .0
      -1.8      -3.1      61.8
    .0   -.8  -1.0   -.7   -.2    .6   1.4   2.0   2.6   2.9
   3.0   2.7   2.1   1.1   -.1  -1.7  -3.5    .0    .0
AOA7490582.2    NONE D/M chokering (p/n:7490582-2) w/KWM LNA  NGS (  3) 06/03/22
       1.0       0.7     108.8
   0.0   0.2   0.4   0.4   0.5   0.5   0.5   0.5   0.5   0.5
   0.5   0.5   0.5   0.5   0.4   0.3   0.0   0.0   0.0
       0.3      -0.2     127.5
   0.0  -0.1  -0.1  -0.2  -0.2  -0.1  -0.1  -0.1  -0.1  -0.1
  -0.1  -0.2  -0.2  -0.2  -0.3  -0.3  -0.2   0.0   0.0
AOAD/M_B             Dorne Margolin B, chokerings (Rogue)     NGS (  0) 97/10/27
       0.0       0.0      78.0
   0.0   0.0   0.0   0.0   0.0   0.0   0.0   0.0   0.0   0.0
   0.0   0.0   0.0   0.0   0.0   0.0   0.0   0.0   0.0
       0.0       0.0      96.0
   0.0   0.0   0.0   0.0   0.0   0.0   0.0   0.0   0.0   0.0
   0.0   0.0   0.0   0.0   0.0   0.0   0.0   0.0   0.0
AOAD/M_R             Dorne Margolin R, chokerings (Rogue,JPL) NGS (  0) 97/10/27
       0.0       0.0      78.0
   0.0   0.0   0.0   0.0   0.0   0.0   0.0   0.0   0.0   0.0
   0.0   0.0   0.0   0.0   0.0   0.0   0.0   0.0   0.0
       0.0       0.0      96.0
   0.0   0.0   0.0   0.0   0.0   0.0   0.0   0.0   0.0   0.0
   0.0   0.0   0.0   0.0   0.0   0.0   0.0   0.0   0.0
AOAD/M_T             Dorne Margolin T, chokerings (TurboRogue)NGS (  0) 97/10/27
       0.0       0.0     110.0
   0.0   0.0   0.0   0.0   0.0   0.0   0.0   0.0   0.0   0.0
   0.0   0.0   0.0   0.0   0.0   0.0   0.0   0.0   0.0
       0.0       0.0     128.0
   0.0   0.0   0.0   0.0   0.0   0.0   0.0   0.0   0.0   0.0
   0.0   0.0   0.0   0.0   0.0   0.0   0.0   0.0   0.0
AOAD/M_TA_NGS        Dorne Margolin T,chokerings,Ashtech LNA  NGS (  0) 97/10/27
       0.0       0.0     110.0
   0.0   0.0   0.0   0.0   0.0   0.0   0.0   0.0   0.0   0.0
   0.0   0.0   0.0   0.0   0.0   0.0   0.0   0.0   0.0
       0.0       0.0     128.0
   0.0   0.0   0.0   0.0   0.0   0.0   0.0   0.0   0.0   0.0
   0.0   0.0   0.0   0.0   0.0   0.0   0.0   0.0   0.0
AOARASCAL            Rascal RTK                               NGS (  2) 03/11/27
      -1.0       1.1     130.6
    .0   -.2    .4   1.6   3.3   5.0   6.8   8.3   9.4  10.1
  10.3   9.7   8.4   6.2   3.2   -.7  -5.5    .0    .0
       1.3       3.0     113.6
    .0    .8   1.6   2.3   3.0   3.5   4.0   4.4   4.7   4.8
   4.8   4.7   4.3   3.7   2.8   1.8    .4    .0    .0
ASH110454            ProMark2   L1                            NGS (  4) 01/10/30
      -3.2       1.6      69.4
    .0    .0    .7   1.8   3.0   4.5   5.8   7.1   7.9   8.4
   8.4   8.0   7.0   5.4   3.2    .5  -2.8    .0    .0
        .0        .0        .0
    .0    .0    .0    .0    .0    .0    .0    .0    .0    .0
    .0    .0    .0    .0    .0    .0    .0    .0    .0
ASH700228A           Geodetic L1/L2, 8 holes, bubble,compass  NGS (  1) 98/06/02
      -2.9        .8      80.7
    .0    .4    .7   1.0   1.3   1.5   1.7   1.9   2.0   2.1
   2.0   1.7   1.2    .4   -.6  -2.1  -4.0    .0    .0
      -2.4       6.1      75.3
    .0  -1.4  -2.0  -2.1  -1.9  -1.5  -1.2   -.9   -.7   -.7
   -.9  -1.2  -1.6  -1.9  -2.1  -1.9  -1.1    .0    .0
ASH700228B           Geodetic L1/L2, 8 holes, bubble,compass  NGS (  1) 98/06/02
      -2.9        .8      80.7
    .0    .4    .7   1.0   1.3   1.5   1.7   1.9   2.0   2.1
   2.0   1.7   1.2    .4   -.6  -2.1  -4.0    .0    .0
      -2.4       6.1      75.3
    .0  -1.4  -2.0  -2.1  -1.9  -1.5  -1.2   -.9   -.7   -.7
   -.9  -1.2  -1.6  -1.9  -2.1  -1.9  -1.1    .0    .0
ASH700228C           Geodetic L1/L2, 8 holes,no bubble,compassNGS (  2) 97/10/27
      -2.3       -.6      86.8
    .0   1.6   2.7   3.4   3.9   4.3   4.5   4.6   4.6   4.5
   4.3   4.0   3.5   2.7   1.5   -.1  -2.3    .0    .0
      -2.0       5.0      78.6
    .0  -1.1  -1.6  -1.6  -1.5  -1.2  -1.0   -.9  -1.0  -1.2
  -1.6  -2.1  -2.6  -3.1  -3.2  -2.9  -2.0    .0    .0
ASH700228D           Geodetic L1/L2, REV.B, 8 L-shaped notchesNGS (  2) 97/10/27
      -3.2        .1      84.2
    .0    .8   1.4   1.8   2.0   2.2   2.4   2.5   2.6   2.6
   2.6   2.3   1.9   1.2    .1  -1.6  -3.9    .0    .0
      -1.9       4.9      76.7
    .0  -1.0  -1.5  -1.6  -1.5  -1.3  -1.1  -1.0   -.9  -1.0
  -1.2  -1.4  -1.7  -2.0  -2.1  -1.9  -1.4    .0    .0
ASH700228E           Geodetic L1/L2, REV.B, 8 L-shaped notchesNGS (  2) 97/10/27
      -3.2        .1      84.2
    .0    .8   1.4   1.8   2.0   2.2   2.4   2.5   2.6   2.6
   2.6   2.3   1.9   1.2    .1  -1.6  -3.9    .0    .0
      -1.9       4.9      76.7
    .0  -1.0  -1.5  -1.6  -1.5  -1.3  -1.1  -1.0   -.9  -1.0
  -1.2  -1.4  -1.7  -2.0  -2.1  -1.9  -1.4    .0    .0
ASH700700.A          Marine L1/L2                             NGS (  2) 97/10/27
      -1.7      -1.3      41.9
    .0    .9   1.6   2.4   3.1   3.7   4.2   4.7   5.0   5.2
   5.1   4.9   4.5   3.8   2.9   1.7    .2    .0    .0
       1.4      -1.9      50.1
    .0   -.5   -.4    .0    .6   1.2   1.9   2.5   2.8   3.0
   2.8   2.4   1.7    .7   -.6  -2.1  -3.7    .0    .0
ASH700700.B          Marine L1/L2                             NGS (  3) 97/10/27
      -1.8      -1.5      51.5
    .0    .8   1.5   2.3   3.0   3.7   4.3   4.8   5.1   5.3
   5.2   5.0   4.4   3.7   2.7   1.3   -.3    .0    .0
       1.1      -2.0      59.4
    .0   -.5   -.5   -.2    .4   1.0   1.6   2.0   2.4   2.5
   2.3   1.9   1.2    .2  -1.1  -2.7  -4.5    .0    .0
ASH700700.C          Marine L1/L2                             NGS (  3) 99/06/14
      -1.8      -1.5      51.5
    .0    .8   1.5   2.3   3.0   3.7   4.3   4.8   5.1   5.3
   5.2   5.0   4.4   3.7   2.7   1.3   -.3    .0    .0
       1.1      -2.0      59.4
    .0   -.5   -.5   -.2    .4   1.0   1.6   2.0   2.4   2.5
   2.3   1.9   1.2    .2  -1.1  -2.7  -4.5    .0    .0
ASH700718A           Geodetic III 'Whopper', REV. D           NGS (  5) 97/10/27
       -.6        .2      83.9
    .0   1.3   2.9   4.7   6.5   8.1   9.4  10.4  10.9  10.9
  10.5   9.6   8.4   6.8   5.0   3.0   1.1    .0    .0
       1.1      -1.6      62.3
    .0  -2.4  -4.1  -5.2  -5.9  -6.4  -6.6  -6.7  -6.8  -6.8
  -6.6  -6.4  -6.0  -5.3  -4.1  -2.5    .0    .0    .0
ASH700718B           Geodetic III 'Whopper', REV. D           NGS (  5) 97/10/27
       -.6        .2      83.9
    .0   1.3   2.9   4.7   6.5   8.1   9.4  10.4  10.9  10.9
  10.5   9.6   8.4   6.8   5.0   3.0   1.1    .0    .0
       1.1      -1.6      62.3
    .0  -2.4  -4.1  -5.2  -5.9  -6.4  -6.6  -6.7  -6.8  -6.8
  -6.6  -6.4  -6.0  -5.3  -4.1  -2.5    .0    .0    .0
ASH700829.2     SNOW Geodetic III 'Whopper' (USCG) +radome    NGS (  7) 97/10/27
      -1.2       -.8      87.7
    .0   1.6   3.5   5.5   7.5   9.3  10.7  11.7  12.2  12.1
  11.6  10.6   9.2   7.5   5.6   3.7   2.0    .0    .0
        .9      -1.6      59.8
    .0  -2.3  -3.9  -5.0  -5.7  -6.2  -6.5  -6.6  -6.7  -6.7
  -6.6  -6.3  -5.8  -5.0  -3.7  -1.7   1.0    .0    .0
ASH700829.3     SNOW Geodetic III 'Whopper' (USCG) +radome    NGS (  7) 97/10/27
      -1.2       -.8      87.7
    .0   1.6   3.5   5.5   7.5   9.3  10.7  11.7  12.2  12.1
  11.6  10.6   9.2   7.5   5.6   3.7   2.0    .0    .0
        .9      -1.6      59.8
    .0  -2.3  -3.9  -5.0  -5.7  -6.2  -6.5  -6.6  -6.7  -6.7
  -6.6  -6.3  -5.8  -5.0  -3.7  -1.7   1.0    .0    .0
ASH700829.A     SNOW Geodetic III 'Whopper' (USCG) +radome    NGS (  7) 97/10/27
      -1.2       -.8      87.7
    .0   1.6   3.5   5.5   7.5   9.3  10.7  11.7  12.2  12.1
  11.6  10.6   9.2   7.5   5.6   3.7   2.0    .0    .0
        .9      -1.6      59.8
    .0  -2.3  -3.9  -5.0  -5.7  -6.2  -6.5  -6.6  -6.7  -6.7
  -6.6  -6.3  -5.8  -5.0  -3.7  -1.7   1.0    .0    .0
ASH700829.A1    SNOW Geodetic III 'Whopper' (USCG) +radome    NGS (  7) 97/10/27
      -1.2       -.8      87.7
    .0   1.6   3.5   5.5   7.5   9.3  10.7  11.7  12.2  12.1
  11.6  10.6   9.2   7.5   5.6   3.7   2.0    .0    .0
        .9      -1.6      59.8
    .0  -2.3  -3.9  -5.0  -5.7  -6.2  -6.5  -6.6  -6.7  -6.7
  -6.6  -6.3  -5.8  -5.0  -3.7  -1.7   1.0    .0    .0
ASH700936A_M         D/M element, milled chokerings, -radome  NGS (  3) 98/06/02
       1.4      -1.0     108.9
    .0    .5    .8    .9    .9    .9    .8    .8    .7    .7
    .7    .8    .9    .9   1.0    .9    .8    .0    .0
       1.0        .5     127.4
    .0    .3    .4    .5    .5    .5    .5    .4    .4    .4
    .4    .4    .5    .5    .4    .3    .1    .0    .0
ASH700936A_M    SNOW D/M element, milled chokerings, +radome  NGS (  4) 97/10/27
        .3       -.2     108.1
    .0   1.0   1.5   1.7   1.6   1.4   1.2    .9    .7    .6
    .7    .8   1.1   1.5   1.8   2.2   2.5    .0    .0
        .9        .5     125.6
    .0    .1    .3    .5    .6    .7    .8    .8    .7    .6
    .5    .4    .4    .4    .7   1.1   1.9    .0    .0
ASH700936B_M         D/M element, milled chokerings, -radome  NGS (  3) 98/06/02
       1.4      -1.0     108.9
    .0    .5    .8    .9    .9    .9    .8    .8    .7    .7
    .7    .8    .9    .9   1.0    .9    .8    .0    .0
       1.0        .5     127.4
    .0    .3    .4    .5    .5    .5    .5    .4    .4    .4
    .4    .4    .5    .5    .4    .3    .1    .0    .0
ASH700936B_M    SNOW D/M element, milled chokerings, +radome  NGS (  4) 97/10/27
        .3       -.2     108.1
    .0   1.0   1.5   1.7   1.6   1.4   1.2    .9    .7    .6
    .7    .8   1.1   1.5   1.8   2.2   2.5    .0    .0
        .9        .5     125.6
    .0    .1    .3    .5    .6    .7    .8    .8    .7    .6
    .5    .4    .4    .4    .7   1.1   1.9    .0    .0
ASH700936C_M         D/M element, milled chokerings, -radome  NGS (  3) 98/06/02
       1.4      -1.0     108.9
    .0    .5    .8    .9    .9    .9    .8    .8    .7    .7
    .7    .8    .9    .9   1.0    .9    .8    .0    .0
       1.0        .5     127.4
    .0    .3    .4    .5    .5    .5    .5    .4    .4    .4
    .4    .4    .5    .5    .4    .3    .1    .0    .0
ASH700936C_M    SNOW D/M element, milled chokerings, +radome  NGS (  4) 97/10/27
        .3       -.2     108.1
    .0   1.0   1.5   1.7   1.6   1.4   1.2    .9    .7    .6
    .7    .8   1.1   1.5   1.8   2.2   2.5    .0    .0
        .9        .5     125.6
    .0    .1    .3    .5    .6    .7    .8    .8    .7    .6
    .5    .4    .4    .4    .7   1.1   1.9    .0    .0
ASH700936D_M         D/M element, Rev E, milled +cr, -radome  NGS (  4) 04/10/27
       0.2      -0.1     109.7
   0.0   0.2   0.2   0.3   0.3   0.4   0.4   0.4   0.4   0.4
   0.4   0.4   0.4   0.3   0.2   0.1  -0.2   0.0   0.0
       0.3       1.0     127.7
   0.0  -0.1  -0.2  -0.2  -0.2  -0.2  -0.3  -0.3  -0.3  -0.3
  -0.3  -0.4  -0.4  -0.3  -0.2   0.0   0.2   0.0   0.0
ASH700936D_M    SCIS D/M element, milled chokerings, +radome  NGS (  1) 03/11/17
        .6        .8     106.2
    .0    .0   -.1   -.4   -.7   -.9  -1.2  -1.4  -1.4  -1.4
  -1.3  -1.2  -1.0   -.8   -.6   -.5   -.6   0.0   0.0
       -.2        .2     125.3
    .0   -.2   -.3   -.4   -.4   -.3   -.3   -.3   -.4   -.5
   -.5   -.6   -.6   -.4   -.2    .3   1.1   0.0   0.0
ASH700936D_M    SNOW D/M element, milled chokerings, +radome  NGS (  4) 97/10/27
        .3       -.2     108.1
    .0   1.0   1.5   1.7   1.6   1.4   1.2    .9    .7    .6
    .7    .8   1.1   1.5   1.8   2.2   2.5    .0    .0
        .9        .5     125.6
    .0    .1    .3    .5    .6    .7    .8    .8    .7    .6
    .5    .4    .4    .4    .7   1.1   1.9    .0    .0
ASH700936E           D/M element, REV E, chokerings, -radome  NGS (  0) 00/05/26
       1.4      -1.0     108.9
    .0    .5    .8    .9    .9    .9    .8    .8    .7    .7
    .7    .8    .9    .9   1.0    .9    .8    .0    .0
       1.0        .5     127.4
    .0    .3    .4    .5    .5    .5    .5    .4    .4    .4
    .4    .4    .5    .5    .4    .3    .1    .0    .0
ASH700936E_C         D/M, chokerings, 700936.02 REV E, SCIGN  NGS (  0) 98/06/02
       1.4      -1.0     108.9
    .0    .5    .8    .9    .9    .9    .8    .8    .7    .7
    .7    .8    .9    .9   1.0    .9    .8    .0    .0
       1.0        .5     127.4
    .0    .3    .4    .5    .5    .5    .5    .4    .4    .4
    .4    .4    .5    .5    .4    .3    .1    .0    .0
ASH700936E_C    SNOW D/M element, cast, chokerings, +radome   NGS (  4) 97/10/27
        .3       -.2     108.1
    .0   1.0   1.5   1.7   1.6   1.4   1.2    .9    .7    .6
    .7    .8   1.1   1.5   1.8   2.2   2.5    .0    .0
        .9        .5     125.6
    .0    .1    .3    .5    .6    .7    .8    .8    .7    .6
    .5    .4    .4    .4    .7   1.1   1.9    .0    .0
ASH701008.01B        Geodetic IIIA, P/N:701008-01(B)          NGS (  3) 98/11/20
       -.7        .7      83.2
    .0    .7   2.0   3.6   5.3   7.0   8.4   9.4  10.1  10.2
   9.9   9.0   7.8   6.3   4.5   2.7   1.0    .0    .0
       1.5      -2.0      61.7
    .0  -2.0  -3.5  -4.7  -5.6  -6.3  -6.8  -7.1  -7.2  -7.2
  -7.0  -6.6  -6.0  -5.1  -3.9  -2.3   -.3    .0    .0
ASH701073.1          GPS/GLONASS,REV.1,chokerings             NGS (  0) 00/04/20
       1.4      -1.0     108.9
    .0    .5    .8    .9    .9    .9    .8    .8    .7    .7
    .7    .8    .9    .9   1.0    .9    .8    .0    .0
       1.0        .5     127.4
    .0    .3    .4    .5    .5    .5    .5    .4    .4    .4
    .4    .4    .5    .5    .4    .3    .1    .0    .0
ASH701073.3          GPS/GLONASS,REV.3,chokerings             NGS (  0) 00/04/20
       1.4      -1.0     108.9
    .0    .5    .8    .9    .9    .9    .8    .8    .7    .7
    .7    .8    .9    .9   1.0    .9    .8    .0    .0
       1.0        .5     127.4
    .0    .3    .4    .5    .5    .5    .5    .4    .4    .4
    .4    .4    .5    .5    .4    .3    .1    .0    .0
ASH701933A_M         D/M element,REV.A,chokerings,H2Otight    NGS (  2) 00/08/22
       -.3       -.3     107.5
    .0   -.5   -.6   -.7   -.6   -.4   -.2   -.1    .1    .1
    .2    .1    .0    .0   -.1    .1    .3    .0    .0
       -.1       1.1     126.5
    .0  -2.3  -3.5  -3.8  -3.6  -3.2  -2.7  -2.4  -2.3  -2.4
  -2.7  -3.1  -3.4  -3.4  -2.9  -1.3   1.5    .0    .0
ASH701933A_M    SNOW D/M element,REV.A,chokering,H2Otight,rd  NGS (  2) 00/08/22
       -.2       -.2     107.4
    .0    .3    .4    .4    .3    .2    .0   -.1   -.3   -.3
   -.3   -.3   -.1    .2    .6   1.1   1.7    .0    .0
       -.1       1.1     124.6
    .0  -2.4  -3.5  -3.6  -3.3  -2.8  -2.3  -1.9  -1.8  -1.9
  -2.3  -2.8  -3.1  -3.1  -2.4   -.6   2.8    .0    .0
ASH701933B_M         D/M element,REV.B,chokerings,H2Otight    NGS (  2) 00/08/22
       -.3       -.3     107.5
    .0   -.5   -.6   -.7   -.6   -.4   -.2   -.1    .1    .1
    .2    .1    .0    .0   -.1    .1    .3    .0    .0
       -.1       1.1     126.5
    .0  -2.3  -3.5  -3.8  -3.6  -3.2  -2.7  -2.4  -2.3  -2.4
  -2.7  -3.1  -3.4  -3.4  -2.9  -1.3   1.5    .0    .0
ASH701933B_M    SNOW D/M element,REV.B,chokering,H20tight,rd  NGS (  2) 00/08/22
       -.2       -.2     107.4
    .0    .3    .4    .4    .3    .2    .0   -.1   -.3   -.3
   -.3   -.3   -.1    .2    .6   1.1   1.7    .0    .0
       -.1       1.1     124.6
    .0  -2.4  -3.5  -3.6  -3.3  -2.8  -2.3  -1.9  -1.8  -1.9
  -2.3  -2.8  -3.1  -3.1  -2.4   -.6   2.8    .0    .0
ASH701933C_M         D/M element,REV.C,chokerings,H2Otight    NGS (  2) 00/08/22
       -.3       -.3     107.5
    .0   -.5   -.6   -.7   -.6   -.4   -.2   -.1    .1    .1
    .2    .1    .0    .0   -.1    .1    .3    .0    .0
       -.1       1.1     126.5
    .0  -2.3  -3.5  -3.8  -3.6  -3.2  -2.7  -2.4  -2.3  -2.4
  -2.7  -3.1  -3.4  -3.4  -2.9  -1.3   1.5    .0    .0
ASH701933C_M    SNOW D/M element,REV.C,chokering,H20tight,rd  NGS (  2) 00/08/22
       -.2       -.2     107.4
    .0    .3    .4    .4    .3    .2    .0   -.1   -.3   -.3
   -.3   -.3   -.1    .2    .6   1.1   1.7    .0    .0
       -.1       1.1     124.6
    .0  -2.4  -3.5  -3.6  -3.3  -2.8  -2.3  -1.9  -1.8  -1.9
  -2.3  -2.8  -3.1  -3.1  -2.4   -.6   2.8    .0    .0
ASH701941.1          D/M element,REV.1,chokerings,GPS+GLONASS NGS (  4) 00/10/26
       -.2        .1     108.0
    .0   -.3   -.5   -.5   -.4   -.3   -.2   -.1    .0    .1
    .1    .0    .0   -.1   -.2   -.2   -.2    .0    .0
       -.3        .2     126.7
    .0  -2.2  -3.3  -3.5  -3.3  -2.9  -2.5  -2.2  -2.1  -2.2
  -2.5  -2.9  -3.2  -3.2  -2.7  -1.3   1.3    .0    .0
ASH701941.2          D/M element,REV.2,chokerings,GPS+GLONASS NGS (  4) 00/10/26
       -.2        .1     108.0
    .0   -.3   -.5   -.5   -.4   -.3   -.2   -.1    .0    .1
    .1    .0    .0   -.1   -.2   -.2   -.2    .0    .0
       -.3        .2     126.7
    .0  -2.2  -3.3  -3.5  -3.3  -2.9  -2.5  -2.2  -2.1  -2.2
  -2.5  -2.9  -3.2  -3.2  -2.7  -1.3   1.3    .0    .0
ASH701941.A          D/M element,REV.A,chokerings,GPS+GLONASS NGS (  4) 00/10/26
       -.2        .1     108.0
    .0   -.3   -.5   -.5   -.4   -.3   -.2   -.1    .0    .1
    .1    .0    .0   -.1   -.2   -.2   -.2    .0    .0
       -.3        .2     126.7
    .0  -2.2  -3.3  -3.5  -3.3  -2.9  -2.5  -2.2  -2.1  -2.2
  -2.5  -2.9  -3.2  -3.2  -2.7  -1.3   1.3    .0    .0
ASH701941.B          D/M element,REV.B,chokerings,GPS+GLONASS NGS (  4) 00/10/26
       -.2        .1     108.0
    .0   -.3   -.5   -.5   -.4   -.3   -.2   -.1    .0    .1
    .1    .0    .0   -.1   -.2   -.2   -.2    .0    .0
       -.3        .2     126.7
    .0  -2.2  -3.3  -3.5  -3.3  -2.9  -2.5  -2.2  -2.1  -2.2
  -2.5  -2.9  -3.2  -3.2  -2.7  -1.3   1.3    .0    .0
ASH701945B_M         D/M element,REV.B,chokering              NGS (  2) 00/04/20
        .5        .3     109.0
    .0    .0    .1    .1    .0    .1    .1    .1    .1    .2
    .2    .3    .3    .3    .3    .3    .1    .0    .0
        .3       1.2     127.9
    .0   -.1   -.1   -.1   -.1   -.1   -.1   -.1   -.1   -.2
   -.2   -.3   -.2   -.2   -.2   -.1    .0    .0    .0
ASH701945B_M    SCIS D/M element,REV.B,chokering with radome  NGS (  2) 03/07/25
       -.1        .5     107.8
    .0   -.2   -.5   -.8   -.9  -1.3  -1.4  -1.6  -1.6  -1.6
  -1.6  -1.4  -1.4  -1.3  -1.1  -1.1  -1.1    .0    .0
       -.5        .6     126.9
    .0   -.3   -.5   -.7   -.8   -.8   -.8   -.8   -.9  -1.0
  -1.0  -1.0  -1.1  -1.0   -.9   -.7   -.3    .0    .0
ASH701945B_M    SCIT D/M element,REV.B,chokering with radome  NGS (  3) 03/07/25
        .1        .1     107.4
    .0   -.3   -.6   -.9  -1.0  -1.2  -1.2  -1.2  -1.2  -1.1
  -1.1  -1.0   -.9   -.9  -1.0  -1.1  -1.4    .0    .0
       -.1        .2     125.5
    .0   -.1   -.1   -.1   -.1    .0    .0   -.1   -.1   -.1
   -.2   -.2   -.2    .0    .2    .7   1.4    .0    .0
ASH701945B_M    SNOW D/M element,REV.B,chokering with radome  NGS (  4) 03/03/17
        .4        .8     109.3
    .0    .9   1.2   1.3   1.2    .9    .7    .4    .2    .0
    .1    .2    .4    .7   1.1   1.3   1.6    .0    .0
       -.2        .3     126.2
    .0   -.2   -.1   -.1    .0    .1    .1    .1    .1    .1
    .0   -.1   -.2   -.1    .1    .5   1.3    .0    .0
ASH701945C_M         D/M element,REV.C,chokering              NGS (  2) 00/04/20
        .5        .3     109.0
    .0    .0    .1    .1    .0    .1    .1    .1    .1    .2
    .2    .3    .3    .3    .3    .3    .1    .0    .0
        .3       1.2     127.9
    .0   -.1   -.1   -.1   -.1   -.1   -.1   -.1   -.1   -.2
   -.2   -.3   -.2   -.2   -.2   -.1    .0    .0    .0
ASH701945C_M    SCIS D/M element,REV.B,chokering with radome  NGS (  2) 03/07/25
       -.1        .5     107.8
    .0   -.2   -.5   -.8   -.9  -1.3  -1.4  -1.6  -1.6  -1.6
  -1.6  -1.4  -1.4  -1.3  -1.1  -1.1  -1.1    .0    .0
       -.5        .6     126.9
    .0   -.3   -.5   -.7   -.8   -.8   -.8   -.8   -.9  -1.0
  -1.0  -1.0  -1.1  -1.0   -.9   -.7   -.3    .0    .0
ASH701945C_M    SCIT D/M element,REV.B,chokering with radome  NGS (  3) 03/07/25
        .1        .1     107.4
    .0   -.3   -.6   -.9  -1.0  -1.2  -1.2  -1.2  -1.2  -1.1
  -1.1  -1.0   -.9   -.9  -1.0  -1.1  -1.4    .0    .0
       -.1        .2     125.5
    .0   -.1   -.1   -.1   -.1    .0    .0   -.1   -.1   -.1
   -.2   -.2   -.2    .0    .2    .7   1.4    .0    .0
ASH701945C_M    SNOW D/M element,REV.C,chokering with radome  NGS (  4) 03/03/17
        .4        .8     109.3
    .0    .9   1.2   1.3   1.2    .9    .7    .4    .2    .0
    .1    .2    .4    .7   1.1   1.3   1.6    .0    .0
       -.2        .3     126.2
    .0   -.2   -.1   -.1    .0    .1    .1    .1    .1    .1
    .0   -.1   -.2   -.1    .1    .5   1.3    .0    .0
ASH701945D_M         D/M element,REV.D,chokering              NGS (  2) 00/04/20
        .5        .3     109.0
    .0    .0    .1    .1    .0    .1    .1    .1    .1    .2
    .2    .3    .3    .3    .3    .3    .1    .0    .0
        .3       1.2     127.9
    .0   -.1   -.1   -.1   -.1   -.1   -.1   -.1   -.1   -.2
   -.2   -.3   -.2   -.2   -.2   -.1    .0    .0    .0
ASH701945D_M    SCIS D/M element,REV.B,chokering with radome  NGS (  2) 03/07/25
       -.1        .5     107.8
    .0   -.2   -.5   -.8   -.9  -1.3  -1.4  -1.6  -1.6  -1.6
  -1.6  -1.4  -1.4  -1.3  -1.1  -1.1  -1.1    .0    .0
       -.5        .6     126.9
    .0   -.3   -.5   -.7   -.8   -.8   -.8   -.8   -.9  -1.0
  -1.0  -1.0  -1.1  -1.0   -.9   -.7   -.3    .0    .0
ASH701945D_M    SCIT D/M element,REV.B,chokering with radome  NGS (  3) 03/07/25
        .1        .1     107.4
    .0   -.3   -.6   -.9  -1.0  -1.2  -1.2  -1.2  -1.2  -1.1
  -1.1  -1.0   -.9   -.9  -1.0  -1.1  -1.4    .0    .0
       -.1        .2     125.5
    .0   -.1   -.1   -.1   -.1    .0    .0   -.1   -.1   -.1
   -.2   -.2   -.2    .0    .2    .7   1.4    .0    .0
ASH701945D_M    SNOW D/M element,REV.D,chokering with radome  NGS (  4) 03/03/17
        .4        .8     109.3
    .0    .9   1.2   1.3   1.2    .9    .7    .4    .2    .0
    .1    .2    .4    .7   1.1   1.3   1.6    .0    .0
       -.2        .3     126.2
    .0   -.2   -.1   -.1    .0    .1    .1    .1    .1    .1
    .0   -.1   -.2   -.1    .1    .5   1.3    .0    .0
ASH701945E_M         D/M element,REV.E,chokering              NGS (  2) 00/04/20
        .5        .3     109.0
    .0    .0    .1    .1    .0    .1    .1    .1    .1    .2
    .2    .3    .3    .3    .3    .3    .1    .0    .0
        .3       1.2     127.9
    .0   -.1   -.1   -.1   -.1   -.1   -.1   -.1   -.1   -.2
   -.2   -.3   -.2   -.2   -.2   -.1    .0    .0    .0
ASH701945E_M    SCIS D/M element,REV.B,chokering with radome  NGS (  2) 03/07/25
       -.1        .5     107.8
    .0   -.2   -.5   -.8   -.9  -1.3  -1.4  -1.6  -1.6  -1.6
  -1.6  -1.4  -1.4  -1.3  -1.1  -1.1  -1.1    .0    .0
       -.5        .6     126.9
    .0   -.3   -.5   -.7   -.8   -.8   -.8   -.8   -.9  -1.0
  -1.0  -1.0  -1.1  -1.0   -.9   -.7   -.3    .0    .0
ASH701945E_M    SCIT D/M element,REV.B,chokering with radome  NGS (  3) 03/07/25
        .1        .1     107.4
    .0   -.3   -.6   -.9  -1.0  -1.2  -1.2  -1.2  -1.2  -1.1
  -1.1  -1.0   -.9   -.9  -1.0  -1.1  -1.4    .0    .0
       -.1        .2     125.5
    .0   -.1   -.1   -.1   -.1    .0    .0   -.1   -.1   -.1
   -.2   -.2   -.2    .0    .2    .7   1.4    .0    .0
ASH701945E_M    SNOW D/M element,REV.E,chokering with radome  NGS (  4) 03/03/17
        .4        .8     109.3
    .0    .9   1.2   1.3   1.2    .9    .7    .4    .2    .0
    .1    .2    .4    .7   1.1   1.3   1.6    .0    .0
       -.2        .3     126.2
    .0   -.2   -.1   -.1    .0    .1    .1    .1    .1    .1
    .0   -.1   -.2   -.1    .1    .5   1.3    .0    .0
ASH701945G_M         D/M element,REV.E,chokering              NGS (  0) 00/04/20
        .5        .3     109.0
    .0    .0    .1    .1    .0    .1    .1    .1    .1    .2
    .2    .3    .3    .3    .3    .3    .1    .0    .0
        .3       1.2     127.9
    .0   -.1   -.1   -.1   -.1   -.1   -.1   -.1   -.1   -.2
   -.2   -.3   -.2   -.2   -.2   -.1    .0    .0    .0
ASH701945G_M    SCIS D/M element,REV.B,chokering with radome  NGS (  0) 03/07/25
       -.1        .5     107.8
    .0   -.2   -.5   -.8   -.9  -1.3  -1.4  -1.6  -1.6  -1.6
  -1.6  -1.4  -1.4  -1.3  -1.1  -1.1  -1.1    .0    .0
       -.5        .6     126.9
    .0   -.3   -.5   -.7   -.8   -.8   -.8   -.8   -.9  -1.0
  -1.0  -1.0  -1.1  -1.0   -.9   -.7   -.3    .0    .0
ASH701945G_M    SCIT D/M element,REV.B,chokering with radome  NGS (  0) 03/07/25
        .1        .1     107.4
    .0   -.3   -.6   -.9  -1.0  -1.2  -1.2  -1.2  -1.2  -1.1
  -1.1  -1.0   -.9   -.9  -1.0  -1.1  -1.4    .0    .0
       -.1        .2     125.5
    .0   -.1   -.1   -.1   -.1    .0    .0   -.1   -.1   -.1
   -.2   -.2   -.2    .0    .2    .7   1.4    .0    .0
ASH701945G_M    SNOW D/M element,REV.E,chokering with radome  NGS (  0) 03/03/17
        .4        .8     109.3
    .0    .9   1.2   1.3   1.2    .9    .7    .4    .2    .0
    .1    .2    .4    .7   1.1   1.3   1.6    .0    .0
       -.2        .3     126.2
    .0   -.2   -.1   -.1    .0    .1    .1    .1    .1    .1
    .0   -.1   -.2   -.1    .1    .5   1.3    .0    .0
ASH701946.2          D/M element,REV.2,chokerings,GPS+GLONASS NGS (  2) 99/09/02
        .6        .8     109.8
    .0   -.1   -.2   -.2   -.1   -.1    .0    .1    .2    .2
    .2    .2    .3    .2    .2    .1    .1    .0    .0
        .7       1.4     128.4
    .0   -.2   -.3   -.3   -.3   -.3   -.3   -.3   -.2   -.2
   -.2   -.3   -.3   -.3   -.2   -.2    .0    .0    .0
ASH701946.3          D/M element,REV.3,chokerings,GPS+GLONASS NGS (  2) 99/09/02
        .6        .8     109.8
    .0   -.1   -.2   -.2   -.1   -.1    .0    .1    .2    .2
    .2    .2    .3    .2    .2    .1    .1    .0    .0
        .7       1.4     128.4
    .0   -.2   -.3   -.3   -.3   -.3   -.3   -.3   -.2   -.2
   -.2   -.3   -.3   -.3   -.2   -.2    .0    .0    .0
ASH701975.01A        Geodetic IV, Rev.A                       NGS (  3) 01/03/13
      -2.1      -4.1      56.4
    .0   1.0   2.0   3.1   4.2   5.1   5.9   6.5   6.9   7.1
   7.0   6.6   5.9   5.0   3.8   2.4    .7    .0    .0
      -1.7      -3.2      62.2
    .0   -.3   -.2    .2    .8   1.5   2.3   2.9   3.3   3.6
   3.7   3.4   2.8   2.0    .8   -.7  -2.5    .0    .0
ASH701975.01AGP      Geodetic IV, Rev.A with groundplane      NGS (  3) 05/11/16
      -2.5      -2.6      63.7
   0.0   4.1   8.0  11.4  14.2  16.4  18.1  19.0  19.3  19.0
  18.0  16.6  14.6  12.3   9.8   7.3   4.9   0.0   0.0
      -1.2       0.8      44.0
   0.0  -0.9  -1.8  -2.8  -3.6  -4.3  -4.8  -5.1  -5.2  -5.1
  -4.9  -4.4  -3.9  -3.3  -2.6  -2.1  -1.8   0.0   0.0
ASH701975.01B        Geodetic IV, Rev.B                       NGS (  3) 01/03/13
      -2.1      -4.1      56.4
    .0   1.0   2.0   3.1   4.2   5.1   5.9   6.5   6.9   7.1
   7.0   6.6   5.9   5.0   3.8   2.4    .7    .0    .0
      -1.7      -3.2      62.2
    .0   -.3   -.2    .2    .8   1.5   2.3   2.9   3.3   3.6
   3.7   3.4   2.8   2.0    .8   -.7  -2.5    .0    .0
ASH701975.01BGP      Geodetic IV, Rev. B w/Groundplane        NGS (  3) 05/11/16
      -2.5      -2.6      63.7
   0.0   4.1   8.0  11.4  14.2  16.4  18.1  19.0  19.3  19.0
  18.0  16.6  14.6  12.3   9.8   7.3   4.9   0.0   0.0
      -1.2       0.8      44.0
   0.0  -0.9  -1.8  -2.8  -3.6  -4.3  -4.8  -5.1  -5.2  -5.1
  -4.9  -4.4  -3.9  -3.3  -2.6  -2.1  -1.8   0.0   0.0
DGR_QEDGE_L1L2  NONE DataGrid QEDGE Active GPS L1L2 by Gutec  NGS (  3) 06/06/15
       0.1       1.5      99.6
   0.0   0.9   2.0   3.3   4.6   5.9   7.0   7.8   8.2   8.3
   7.9   7.0   5.6   3.5   0.9  -2.2  -6.0   0.0   0.0
       2.1      -0.5      92.8
   0.0  -0.6  -0.8  -0.5  -0.1   0.4   0.9   1.4   1.7   1.8
   1.7   1.3   0.6  -0.5  -1.8  -3.5  -5.4   0.0   0.0
GUTGPSL1L2A          L1/L2                                    NGS (  3) 04/10/15
      -0.7       0.1      98.1
   0.0   1.2   2.6   4.0   5.6   7.0   8.1   9.0   9.6   9.8
   9.5   8.7   7.3   5.4   2.8  -0.4  -4.2   0.0   0.0
       3.1       0.0      91.7
   0.0   0.0   0.2   0.4   0.8   1.1   1.5   1.9   2.2   2.3
   2.3   2.1   1.6   0.8  -0.3  -1.7  -3.6   0.0   0.0
JNSChokeRing_DM      Choke Ring -Radome                       NGS (  3) 05/03/28
       1.8       0.4     109.1
   0.0   0.8   1.2   1.2   1.0   0.7   0.5   0.4   0.3   0.4
   0.5   0.7   0.8   0.9   0.6  -0.2  -1.6   0.0   0.0
      -0.3       0.7     125.4
   0.0   1.2   1.8   2.1   2.1   2.0   1.9   1.8   1.7   1.8
   1.9   2.1   2.3   2.3   2.0   1.4   0.3   0.0   0.0
JPLD/M_R             Dorne Margolin R, chokerings (Rogue,JPL) NGS (  0) 97/10/27
       0.0       0.0      78.0
   0.0   0.0   0.0   0.0   0.0   0.0   0.0   0.0   0.0   0.0
   0.0   0.0   0.0   0.0   0.0   0.0   0.0   0.0   0.0
       0.0       0.0      96.0
   0.0   0.0   0.0   0.0   0.0   0.0   0.0   0.0   0.0   0.0
   0.0   0.0   0.0   0.0   0.0   0.0   0.0   0.0   0.0
JPSLEGANT_E          Legant on flat groundplane, External     NGS (  3) 99/02/05
        .7        .1      53.6
    .0  -1.5  -1.7   -.9    .4   2.0   3.5   4.9   5.9   6.5
   6.5   6.0   5.0   3.6   2.1    .6   -.7    .0    .0
       1.7      -1.1      61.8
    .0   -.1    .2    .8   1.5   2.4   3.3   4.1   4.8   5.2
   5.3   5.2   4.6   3.6   2.2    .3  -2.2    .0    .0
JPSMARANT_GGD        Javad Marant                             NGS (  3) 02/04/10
       1.3        .5      81.5
    .0    .7   1.6   2.8   4.1   5.4   6.6   7.7   8.4   8.9
   8.9   8.5   7.6   6.1   4.1   1.4  -2.0    .0    .0
      -1.7        .0      79.7
    .0  -1.3  -1.8  -1.6  -1.0   -.2    .7   1.5   2.0   2.3
   2.3   1.9   1.2    .2  -1.0  -2.3  -3.6    .0    .0
JPSODYSSEY_I         Integrated Antenna/Receiver              NGS (  1) 03/05/30
        .4      -1.9      88.5
    .0    .7   1.7   2.9   4.2   5.5   6.6   7.6   8.2   8.4
   8.3   7.8   6.8   5.3   3.4   1.0  -1.7    .0    .0
       -.3      -1.7      88.9
    .0    .1    .5   1.1   1.8   2.6   3.4   4.1   4.7   5.0
   5.1   4.9   4.2   3.0   1.3  -1.1  -4.2    .0    .0
JPSREGANT_DD_E       Regant dual depth chokerings, External   NGS (  1) 99/04/07
       1.1        .2     113.1
    .0    .5   1.3   2.1   3.0   3.8   4.6   5.2   5.6   5.8
   5.8   5.5   5.0   4.3   3.4   2.3   1.1    .0    .0
       1.0       1.3     118.6
    .0   -.2    .0    .4   1.0   1.6   2.1   2.5   2.7   2.8
   2.7   2.3   1.9   1.3    .7    .2   -.2    .0    .0
JPSREGANT_SD_E       Regant single depth chokerings, External NGS (  3) 99/02/05
       1.0      -1.1     106.0
    .0    .8   1.6   2.3   3.1   3.7   4.3   4.7   5.0   5.2
   5.3   5.1   4.8   4.4   3.8   2.9   2.0    .0    .0
       1.4        .5     119.6
    .0   -.3   -.3    .1    .6   1.1   1.7   2.1   2.3   2.4
   2.3   2.1   1.7   1.2    .7    .2   -.2    .0    .0
LEIAT202-GP          External micropulse L1/L2 -groundplane   NGS (  7) 98/06/01
       2.2       -.3      56.7
    .0    .0    .7   2.1   3.6   5.3   6.8   8.0   8.8   9.0
   8.7   7.8   6.2   4.0   1.2  -2.0  -5.5    .0    .0
       -.2       1.7      53.6
    .0  -1.1  -1.5  -1.5  -1.1   -.6    .0    .5    .9   1.0
    .9    .5   -.1  -1.0  -2.2  -3.5  -4.8    .0    .0
LEIAT302-GP          External micropulse L1/L2 -groundplane   NGS (  7) 98/06/01
       2.2       -.3      56.7
    .0    .0    .7   2.1   3.6   5.3   6.8   8.0   8.8   9.0
   8.7   7.8   6.2   4.0   1.2  -2.0  -5.5    .0    .0
       -.2       1.7      53.6
    .0  -1.1  -1.5  -1.5  -1.1   -.6    .0    .5    .9   1.0
    .9    .5   -.1  -1.0  -2.2  -3.5  -4.8    .0    .0
LEIAT303             Micropulse chokering antenna -radome     NGS (  4) 98/07/22
       1.0       -.5      78.2
    .0   1.4   2.4   3.2   3.8   4.2   4.4   4.6   4.7   4.8
   4.7   4.5   4.2   3.7   3.0   2.0    .7    .0    .0
       1.8        .8      93.9
    .0    .6   1.1   1.5   1.9   2.3   2.5   2.7   2.8   2.9
   2.7   2.5   2.2   1.7   1.0    .1   -.9    .0    .0
LEIAT303        LEIC Micropulse chokering antenna +radome     NGS (  4) 98/07/22
        .7       -.1      78.7
    .0   1.0   1.9   2.7   3.3   3.8   4.2   4.4   4.6   4.6
   4.5   4.2   3.9   3.3   2.7   1.8    .8    .0    .0
       1.7        .2      90.9
    .0    .2    .5    .9   1.3   1.8   2.1   2.5   2.7   2.8
   2.8   2.6   2.2   1.7   1.0    .2   -.7    .0    .0
LEIAT502             Aero element L1/L2, External             NGS (  2) 99/06/14
        .3       2.0      61.8
    .0   1.5   2.9   4.2   5.3   6.4   7.4   8.2   8.8   9.1
   9.1   8.9   8.3   7.1   5.5   3.3    .3    .0    .0
      -1.4       1.8      65.4
    .0  -1.2  -1.5  -1.3   -.6    .3   1.1   2.0   2.6   2.9
   2.8   2.4   1.6    .5  -1.1  -2.7  -4.6    .0    .0
LEIAT503             Micropulse chokering antenna -radome     NGS (  4) 98/07/22
       1.0       -.5      78.2
    .0   1.4   2.4   3.2   3.8   4.2   4.4   4.6   4.7   4.8
   4.7   4.5   4.2   3.7   3.0   2.0    .7    .0    .0
       1.8        .8      93.9
    .0    .6   1.1   1.5   1.9   2.3   2.5   2.7   2.8   2.9
   2.7   2.5   2.2   1.7   1.0    .1   -.9    .0    .0
LEIAT503        LEIC Micropulse chokering antenna +radome     NGS (  4) 98/07/22
        .7       -.1      78.7
    .0   1.0   1.9   2.7   3.3   3.8   4.2   4.4   4.6   4.6
   4.5   4.2   3.9   3.3   2.7   1.8    .8    .0    .0
       1.7        .2      90.9
    .0    .2    .5    .9   1.3   1.8   2.1   2.5   2.7   2.8
   2.8   2.6   2.2   1.7   1.0    .2   -.7    .0    .0
LEIAT504             D/M element, chokerings, -radome         NGS (  2) 99/02/05
        .3       -.3     109.3
    .0    .0   -.1   -.1    .0    .0    .0    .1    .1    .1
    .1    .2    .2    .3    .4    .5    .6    .0    .0
       1.1       1.1     128.2
    .0   -.1   -.1   -.1    .0    .0    .0    .0    .0   -.1
   -.2   -.2   -.3   -.3   -.2   -.1    .3    .0    .0
LEIAT504        LEIS D/M element, chokerings, +radome         NGS (  2) 04/01/07
       2.5       1.3     106.5
    .0   -.3   -.7  -1.0  -1.2  -1.4  -1.6  -1.8  -1.9  -1.9
  -1.9  -1.8  -1.6  -1.4  -1.1   -.8   -.3    .0    .0
       -.7       1.3     125.4
    .0    .1    .2    .2    .2    .1    .1    .0   -.1   -.1
   -.2   -.2   -.1    .0    .2    .5    .8    .0    .0
LEIAX1202       NONE L1/L2, H/ Rev. 1.04                      NGS (  2) 05/11/07
       1.0      -0.9      85.5
   0.0   1.0   2.1   3.4   4.5   5.7   6.7   7.3   7.8   8.1
   7.8   7.0   5.7   3.7   1.1  -2.3  -6.5   0.0   0.0
      -0.5      -0.8      77.4
   0.0  -0.1   0.2   0.7   1.4   2.2   2.8   3.5   3.8   4.0
   3.7   3.1   2.1   0.7  -1.2  -3.5  -6.3   0.0   0.0
LEIAX1202A      NONE L1/L2, H/W Rev. 1.01                     NGS (  3) 04/06/16
       2.8      -0.7      83.4
   0.0   0.9   2.0   3.2   4.4   5.6   6.7   7.5   8.1   8.3
   8.1   7.4   6.2   4.4   2.1  -0.8  -4.4   0.0   0.0
      -0.9      -0.3      76.9
   0.0  -1.1  -1.3  -1.0  -0.3   0.6   1.4   2.1   2.6   2.8
   2.6   2.0   1.1  -0.2  -1.8  -3.5  -5.2   0.0   0.0
LEIAX1202GG     NONE GNSS, H/W Rev. 1.00                      NGS (  2) 06/09/29
       1.2       0.8      84.7
   0.0  -0.1   0.5   1.5   2.6   3.9   5.0   5.9   6.5   6.7
   6.5   5.7   4.2   2.3  -0.2  -3.1  -6.5   0.0   0.0
      -0.2       0.9      74.0
   0.0  -0.6  -0.6  -0.2   0.4   1.2   1.9   2.5   2.8   2.9
   2.6   2.1   1.2   0.1  -1.2  -2.8  -4.5   0.0   0.0
LEISR299_INT         SR299, Internal with Ball element L1/L2  NGS (  2) 99/05/06
       3.0       1.4     128.4
    .0    .4   1.2   2.1   3.1   4.2   5.3   6.3   7.1   7.6
   7.8   7.6   6.8   5.3   3.3    .1  -3.9    .0    .0
       2.4      -1.1     122.0
    .0    .0    .2    .5   1.0   1.4   1.8   2.2   2.4   2.5
   2.4   2.2   1.8   1.3    .6   -.1   -.8    .0    .0
LEISR399_INT         SR399 Internal Mod. Mount Design L1/L2   NGS (  3) 03/01/13
       2.6       1.6     110.6
    .0   2.2   4.0   5.6   7.0   8.1   9.0   9.7  10.1  10.2
  10.2   9.8   9.1   8.1   6.8   5.1   3.0    .0    .0
        .2      -2.2     109.7
    .0   -.3    .1   1.1   2.2   3.4   4.6   5.5   6.2   6.5
   6.4   6.0   5.1   3.8   2.3    .6  -1.2    .0    .0
LEISR399_INTA        SR399, Internal with Ball element L1/L2  NGS (  2) 99/05/06
       3.0       1.4     128.4
    .0    .4   1.2   2.1   3.1   4.2   5.3   6.3   7.1   7.6
   7.8   7.6   6.8   5.3   3.3    .1  -3.9    .0    .0
       2.4      -1.1     122.0
    .0    .0    .2    .5   1.0   1.4   1.8   2.2   2.4   2.5
   2.4   2.2   1.8   1.3    .6   -.1   -.8    .0    .0
MAC4647942      MMAC Macrometer crossed-dipole, +radome       NGS (  1) 97/10/27
      -1.4       2.8     139.6
    .0  -4.3  -4.0   -.8   4.0   9.4  14.3  18.1  20.3  20.6
  19.1  15.7  11.0   5.4   -.1  -4.6  -7.0    .0    .0
        .5       3.3     101.2
    .0  -3.4  -3.7  -2.0    .7   3.7   6.4   8.4   9.3   9.2
   8.0   6.1   3.8   1.6    .5   1.1   4.7    .0    .0
MAG105645            L1/L2 GPS                                NGS (  2) 00/12/21
        .6       3.6      65.6
    .0    .9   1.8   2.8   3.8   4.8   5.8   6.6   7.3   7.7
   7.8   7.5   6.8   5.6   3.8   1.4  -1.6    .0    .0
       -.3        .3      60.8
    .0  -2.0  -2.4  -1.8   -.5   1.1   2.5   3.6   4.3   4.5
   4.1   3.3   2.1    .9    .0   -.4    .4    .0    .0
MPL1230              L1/L2 Surveying, Choke Ring              NGS (  3) 02/10/16
        .0        .2     132.7
    .0    .8   1.6   2.3   3.0   3.6   4.0   4.3   4.4   4.3
   4.1   3.7   3.3   2.9   2.6   2.4   2.4    .0    .0
       -.3       -.1     147.0
    .0   -.1   -.1    .1    .3    .6    .8   1.0   1.1   1.1
   1.1   1.0    .8    .6    .5    .5    .6    .0    .0
MPL1370W             L1                                       NGS (  2) 02/10/16
      -2.1       -.7      60.1
    .0    .9   2.0   3.1   4.2   5.2   6.2   7.0   7.6   8.0
   8.0   7.5   6.4   4.7   2.1  -1.4  -6.1    .0    .0
        .0        .0        .0
    .0    .0    .0    .0    .0    .0    .0    .0    .0    .0
    .0    .0    .0    .0    .0    .0    .0    .0    .0
MPL_WAAS_2224NW      WAAS Unit 2224NW                         NGS (  1) 02/03/11
       -.4      -4.3     467.3
    .0    .4   1.3   2.7   4.3   6.0   7.7   9.3  10.6  11.4
  11.7  11.3  10.0   7.6   4.1   -.7  -7.1    .0    .0
       -.5      -3.9     466.5
    .0  -2.6  -3.2  -2.3   -.6   1.5   3.6   5.5   6.7   7.3
   7.2   6.3   4.7   2.7    .5  -1.5  -3.0    .0    .0
MPL_WAAS_2225NW      WAAS L1/L2/L5                            NGS (  2) 04/02/02
       0.2      -3.5     462.6
   0.0  -0.3   0.1   1.1   2.4   3.9   5.3   6.5   7.2   7.5
   7.2   6.2   4.5   2.0  -1.4  -5.5 -10.4   0.0   0.0
      -0.8      -0.4     464.7
   0.0  -2.4  -2.8  -1.8   0.0   2.0   3.9   5.4   6.3   6.3
   5.6   4.0   1.8  -0.9  -3.7  -6.2  -7.9   0.0   0.0
NAVAN2004T           Quad Feed, Dipole                        NGS (  3) 03/03/05
      -1.5       -.6      58.7
    .0   2.0   3.7   5.3   6.6   7.8   8.7   9.4   9.9  10.2
  10.2   9.8   9.1   7.9   6.3   4.2   1.4    .0    .0
      -3.3      -1.3      70.9
    .0  -1.2  -1.5  -1.0   -.1   1.1   2.5   3.7   4.6   5.3
   5.4   5.1   4.1   2.5    .3  -2.6  -6.1    .0    .0
NAVAN2008T           Airborne Applications Dipole             NGS (  3) 03/03/17
        .8        .5      29.6
    .0   1.4   2.6   3.9   4.9   5.8   6.6   7.2   7.6   7.7
   7.7   7.3   6.7   5.9   4.6   3.1   1.1    .0    .0
        .3       -.4      33.8
    .0    .8   1.6   2.2   2.7   3.0   3.1   3.1   2.9   2.7
   2.4   2.2   2.0   2.1   2.5   3.4   4.8    .0    .0
NAVRT3010S           RTK GPS Antenna+Receiver                 NGS (  3) 03/03/05
        .2       2.9     132.1
    .0    .9   1.8   2.8   3.9   4.8   5.6   6.3   6.9   7.1
   7.1   6.8   6.1   5.1   3.7   1.9   -.3    .0    .0
      -1.4      -3.5     124.2
    .0    .4   1.0   1.5   2.0   2.3   2.5   2.4   2.4   2.1
   1.7   1.4   1.2   1.2   1.6   2.6   4.2    .0    .0
NAVSF2040G           GIS Sensor Antenna+Receiver              NGS (  3) 03/03/05
       1.3       2.5     132.7
    .0   1.7   3.1   4.2   5.1   5.9   6.4   6.9   7.3   7.5
   7.6   7.4   7.0   6.1   4.8   2.8    .2    .0    .0
       -.7      -3.5     124.0
    .0   1.6   2.8   3.7   4.3   4.7   4.8   4.7   4.6   4.3
   4.0   3.7   3.5   3.4   3.6   4.1   5.0    .0    .0
NGSD/M+GP60          D/M antenna with extended groundplane    NGS (  1) 98/09/14
        .6       1.0      19.5
    .0 -12.5 -18.6 -20.2 -18.9 -15.9 -12.5  -9.4  -7.3  -6.6
  -7.3  -9.5 -12.7 -16.5 -19.8 -21.8 -21.1   0.0   0.0
      -1.3       -.7     -13.1
    .0  14.4  26.0  34.8  41.3  45.5  47.8  48.5  47.9  46.4
  44.5  42.5  40.8  40.0  40.6  43.1  48.0   0.0   0.0
NOV501               GPS-501 L1                               NGS (  3) 99/02/05
       -.8       2.0      55.8
    .0   4.2   7.2   9.1  10.3  11.0  11.4  11.6  11.7  11.7
  11.7  11.4  10.9  10.1   8.5   6.1   2.5    .0    .0
        .0        .0        .0
    .0    .0    .0    .0    .0    .0    .0    .0    .0    .0
    .0    .0    .0    .0    .0    .0    .0    .0    .0
NOV501+CR            GPS-501 L1, chokerings                   NGS (  3) 99/02/05
      -1.0       2.1      97.0
    .0    .4   1.1   2.0   2.9   3.8   4.5   5.0   5.4   5.4
   5.2   4.8   4.0   3.1   2.0    .8   -.4    .0    .0
        .0        .0        .0
    .0    .0    .0    .0    .0    .0    .0    .0    .0    .0
    .0    .0    .0    .0    .0    .0    .0    .0    .0
NOV502               GPS-502 L1/L2                            NGS (  3) 99/02/05
      -1.1      -1.3      60.0
    .0  -2.1  -2.4  -1.6    .0   1.9   3.8   5.3   6.5   6.9
   6.8   6.1   4.9   3.4   1.8    .5   -.1    .0    .0
        .4      -1.7      67.0
    .0   -.7  -1.1  -1.4  -1.4  -1.2   -.8   -.3    .3    .9
   1.3   1.4   1.2    .4  -1.1  -3.6  -7.2    .0    .0
NOV502+CR            GPS-502 L1/L2, chokerings                NGS (  3) 99/02/05
      -1.3      -2.4      47.4
    .0    .0    .3    .9   1.5   2.0   2.4   2.7   2.8   2.7
   2.5   2.3   2.1   2.2   2.6   3.4   5.1    .0    .0
        .7       -.7      75.7
    .0   -.1   -.2   -.2   -.1    .1    .2    .4    .5    .6
    .6    .6    .6    .5    .4    .3    .2    .0    .0
NOV503+CR            GPS-503 L1/L2, chokerings                NGS (  2) 00/08/22
       2.3      -1.4      86.5
    .0    .3    .8   1.5   2.3   3.0   3.7   4.2   4.5   4.6
   4.6   4.2   3.7   3.0   2.3   1.6   1.0    .0    .0
       -.1        .3      92.3
    .0  -1.5  -2.3  -2.5  -2.6  -2.5  -2.3  -2.2  -2.1  -2.2
  -2.3  -2.5  -2.5  -2.4  -1.8   -.8   1.0    .0    .0
NOV503+CR       SPKE GPS-503 L1/L2, chokerings,radome         NGS (  2) 00/08/22
       2.0      -2.6      87.1
    .0   -.1    .5   1.4   2.4   3.4   4.4   5.1   5.6   5.6
   5.5   5.0   4.2   3.3   2.4   1.5    .9    .0    .0
       -.8       -.2      94.6
    .0  -1.1  -1.7  -1.9  -1.8  -1.5  -1.3  -1.0   -.8   -.8
   -.9   -.9  -1.1  -1.1   -.9   -.5    .5    .0    .0
NOV512               Aviation L1/L2                           NGS (  1) 03/05/30
        .3       2.8      27.2
    .0   2.2   3.6   4.4   4.7   4.9   4.9   4.9   4.9   4.9
   4.9   4.8   4.6   4.2   3.3   1.7   -.7    .0    .0
       -.4      -3.3      33.2
    .0   4.4   7.0   8.3   8.6   8.3   7.7   7.0   6.3   5.9
   5.7   5.8   6.2   6.7   7.3   7.7   7.8    .0    .0
NOV531               GPS-531 L1                               NGS (  3) 99/02/05
       1.0      -1.2      65.3
    .0  -1.4  -1.4   -.4   1.1   2.9   4.5   5.8   6.6   6.8
   6.5   5.5   4.0   2.2    .2  -1.7  -3.1    .0    .0
        .0        .0        .0
    .0    .0    .0    .0    .0    .0    .0    .0    .0    .0
    .0    .0    .0    .0    .0    .0    .0    .0    .0
NOV531+CR            GPS-531 L1, chokerings                   NGS (  3) 99/02/05
       1.5      -1.8      51.7
    .0   -.2    .0    .4    .9   1.4   1.8   2.1   2.2   2.2
   2.1   1.8   1.6   1.3   1.3   1.6   2.3    .0    .0
        .0        .0        .0
    .0    .0    .0    .0    .0    .0    .0    .0    .0    .0
    .0    .0    .0    .0    .0    .0    .0    .0    .0
NOV600               GPS-600 L1/L2                            NGS (  3) 01/03/13
      -1.3        .3      90.5
    .0    .7   1.6   2.7   4.0   5.2   6.2   7.1   7.8   8.1
   8.1   7.6   6.7   5.4   3.6   1.4  -1.2    .0    .0
        .2       -.4      91.8
    .0   -.6   -.6   -.2    .5   1.4   2.2   2.9   3.3   3.6
   3.5   3.1   2.4   1.4    .2  -1.2  -2.7    .0    .0
NOV702L_1.01    NONE GPS-702L p/n:01017509, h/w Rev. 1.01     NGS (  3) 06/02/10
       1.8      -1.1      81.1
   0.0   1.4   2.8   4.2   5.5   6.7   7.8   8.6   9.1   9.3
   9.2   8.5   7.3   5.5   3.0  -0.3  -4.4   0.0   0.0
       0.3      -3.0      71.7
   0.0  -0.1   0.1   0.6   1.3   2.1   2.9   3.6   4.0   4.3
   4.2   3.8   2.9   1.6  -0.2  -2.6  -5.5   0.0   0.0
NOV702_2.02          GPS-702 Rev. 2.02 L1/L2                  NGS (  2) 03/07/25
        .9       1.4      83.7
    .0    .7   1.7   2.8   4.0   5.3   6.5   7.4   8.1   8.5
   8.5   8.0   7.1   5.7   3.8   1.3  -1.9    .0    .0
      -2.2        .3      77.0
    .0   -.9   -.9   -.6    .2   1.0   1.9   2.7   3.3   3.5
   3.6   3.2   2.4   1.2   -.3  -2.2  -4.3    .0    .0
NOV702_3.00          GPS-702 Rev.3.00 L1/L2                   NGS (  2) 04/10/27
       2.4      -0.5      87.2
   0.0   0.2   1.0   2.0   3.3   4.5   5.5   6.4   6.9   7.0
   6.7   5.8   4.6   2.8   0.4  -2.2  -5.2   0.0   0.0
      -0.5      -0.8      78.8
   0.0  -0.8  -0.8  -0.4   0.3   1.1   1.8   2.5   2.8   3.0
   2.8   2.1   1.2  -0.1  -1.6  -3.3  -5.1   0.0   0.0
NOV_WAAS_600         WAAS Antenna with Novatel Element        NGS (  2) 03/10/22
      -2.2        .2     393.0
    .0    .6   1.5   2.6   4.0   5.2   6.3   7.3   8.0   8.3
   8.2   7.7   6.8   5.6   3.8   1.9   -.5    .0    .0
      -3.0      -3.3     397.5
    .0   1.3   2.1   2.7   3.0   3.3   3.3   3.4   3.4   3.3
   3.2   3.1   3.0   3.0   2.9   2.6   2.3    .0    .0
SEN67157514          L1/L2, P/N:S67-1575-14 (+26dB amp)       NGS (  6) 97/10/27
      -2.5       2.3      25.9
    .0   1.3   2.3   3.0   3.5   3.8   4.1   4.3   4.5   4.7
   4.7   4.7   4.4   3.8   2.8   1.3   -.9    .0    .0
        .1       -.2      26.7
    .0   2.6   4.1   4.9   5.1   4.9   4.6   4.3   4.0   3.8
   3.8   4.0   4.3   4.7   5.2   5.6   5.6    .0    .0
SEN67157514+CR       L1/L2, P/N:S67-1575-14, (+26dB amp), +cr NGS (  1) 97/10/27
        .1        .4      32.9
    .0    .7   1.4   2.1   2.8   3.4   3.9   4.3   4.5   4.6
   4.5   4.2   3.7   3.0   2.0    .9   -.4    .0    .0
      -2.0       -.4      34.5
    .0    .4    .8   1.0   1.2   1.3   1.4   1.5   1.6   1.7
   1.7   1.7   1.6   1.5   1.2    .7    .1    .0    .0
SEN67157549          L1, P/N:S67-1575-49                      NGS (  3) 97/10/27
        .7       -.4      24.0
    .0   2.2   3.7   4.7   5.4   5.7   6.0   6.1   6.2   6.2
   6.2   6.1   5.7   5.0   3.7   1.6  -1.4    .0    .0
        .0        .0        .0
    .0    .0    .0    .0    .0    .0    .0    .0    .0    .0
    .0    .0    .0    .0    .0    .0    .0    .0    .0
SEN67157549+CR       L1, P/N:S67-1575-49, +chokerings         NGS (  1) 97/10/27
        .2        .6      33.2
    .0    .6   1.3   2.1   2.8   3.5   4.1   4.5   4.7   4.8
   4.7   4.3   3.8   3.1   2.2   1.1   -.1    .0    .0
        .0        .0        .0
    .0    .0    .0    .0    .0    .0    .0    .0    .0    .0
    .0    .0    .0    .0    .0    .0    .0    .0    .0
SEN67157596          L1/L2, PN:S67-1575-96                    NGS (  3) 97/10/27
       -.1        .5      21.8
    .0   1.2   2.1   2.9   3.4   3.9   4.3   4.6   4.8   4.9
   5.0   4.9   4.6   4.2   3.5   2.4    .9    .0    .0
       4.0      -1.8      29.4
    .0   2.3   3.8   4.7   5.2   5.4   5.3   5.1   4.9   4.7
   4.7   4.7   4.8   5.0   5.2   5.5   5.7    .0    .0
SEN67157596+CR       L1/L2, PN:S67-1575-96, +chokerings       NGS (  1) 97/10/27
       1.2       1.3      32.0
    .0    .2    .7   1.3   2.0   2.7   3.3   3.7   4.0   4.1
   3.9   3.5   3.0   2.2   1.3    .4   -.6    .0    .0
       2.0       -.1      34.2
    .0   -.1    .0    .1    .3    .5    .6    .8    .8    .9
    .8    .7    .6    .4    .2   -.1   -.3    .0    .0
SMICR3B              AeroAnt AT2775-159W no radome            NGS (  3) 05/04/15
       0.4       0.6      93.3
   0.0   0.4   1.0   1.7   2.5   3.3   3.9   4.4   4.6   4.6
   4.4   3.8   3.1   2.2   1.2   0.2  -0.9   0.0   0.0
       0.5       2.7      97.7
   0.0   0.2   0.3   0.3   0.3   0.2   0.1   0.0  -0.1  -0.2
  -0.1  -0.1   0.1   0.3   0.5   0.8   1.1   0.0   0.0
SMICR3B         SPKE AeroAnt AT2775-159W +radome              NGS (  3) 05/04/08
      -0.2       0.6      96.0
   0.0   0.0   0.6   1.5   2.7   3.8   4.8   5.6   5.9   5.9
   5.5   4.8   3.7   2.4   1.0  -0.3  -1.4   0.0   0.0
       0.2       1.9     100.9
   0.0   0.0   0.1   0.2   0.3   0.3   0.3   0.3   0.4   0.3
   0.3   0.3   0.2   0.1   0.1   0.1   0.0   0.0   0.0
SOK502               L1/L2 GPS                                NGS (  3) 99/02/05
      -1.1      -1.3      60.0
    .0  -2.1  -2.4  -1.6    .0   1.9   3.8   5.3   6.5   6.9
   6.8   6.1   4.9   3.4   1.8    .5   -.1    .0    .0
        .4      -1.7      67.0
    .0   -.7  -1.1  -1.4  -1.4  -1.2   -.8   -.3    .3    .9
   1.3   1.4   1.2    .4  -1.1  -3.6  -7.2    .0    .0
SOK600               L1/L2 GPS (Pinwheel Technology)          NGS (  3) 01/03/13
      -1.3        .3      90.5
    .0    .7   1.6   2.7   4.0   5.2   6.2   7.1   7.8   8.1
   8.1   7.6   6.7   5.4   3.6   1.4  -1.2    .0    .0
        .2       -.4      91.8
    .0   -.6   -.6   -.2    .5   1.4   2.2   2.9   3.3   3.6
   3.5   3.1   2.4   1.4    .2  -1.2  -2.7    .0    .0
SOK702               GPS-702 L1/L2                            NGS (  2) 04/10/27
       2.4      -0.5      87.2
   0.0   0.2   1.0   2.0   3.3   4.5   5.5   6.4   6.9   7.0
   6.7   5.8   4.6   2.8   0.4  -2.2  -5.2   0.0   0.0
      -0.5      -0.8      78.8
   0.0  -0.8  -0.8  -0.4   0.3   1.1   1.8   2.5   2.8   3.0
   2.8   2.1   1.2  -0.1  -1.6  -3.3  -5.1   0.0   0.0
SOKA110              L1                                       NGS (  3) 01/03/06
       -.3      -1.2     109.0
    .0    .4   1.4   2.9   4.5   6.2   7.7   9.0   9.9  10.4
  10.4   9.7   8.4   6.4   3.8    .5  -3.4    .0    .0
        .0        .0        .0
    .0    .0    .0    .0    .0    .0    .0    .0    .0    .0
    .0    .0    .0    .0    .0    .0    .0    .0    .0
SOKA120              L1/L2                                    NGS (  2) 01/03/06
      -1.5        .5     106.9
    .0    .0    .9   2.2   3.8   5.4   7.0   8.4   9.4   9.8
   9.8   9.1   7.8   5.7   3.0   -.3  -4.2    .0    .0
        .7       -.7     103.8
    .0   -.3   -.3   -.1    .1    .3    .7    .9   1.1   1.1
   1.1    .9    .6   -.1   -.9  -2.0  -3.2    .0    .0
SOKSTRATUS           Receiver + L1 Antenna                    NGS (  2) 03/08/25
       1.6      -2.6     139.4
    .0    .6   1.6   2.8   4.3   5.7   7.0   8.1   8.8   9.1
   8.9   8.2   6.7   4.4   1.2  -3.0  -8.1    .0    .0
        .0        .0        .0
    .0    .0    .0    .0    .0    .0    .0    .0    .0    .0
    .0    .0    .0    .0    .0    .0    .0    .0    .0
SOK_GSR2700IS   NONE Integrated p/n:502-0-0040 h/w Rev. 1.00  NGS (  2) 06/03/27
      -1.1       0.0     125.7
   0.0   1.1   2.2   3.4   4.6   5.8   6.7   7.4   7.9   8.2
   7.9   7.3   6.2   4.5   2.2  -0.8  -4.4   0.0   0.0
       0.5       0.6     123.6
   0.0   0.7   1.4   2.0   2.5   3.0   3.5   3.8   4.0   4.1
   4.0   3.8   3.2   2.5   1.2  -0.4  -2.5   0.0   0.0
SOK_RADIAN_IS        Sokkia Radian IS                         NGS (  3) 01/05/17
        .2       -.7     163.8
    .0   -.3    .2   1.2   2.5   4.0   5.4   6.6   7.5   8.0
   8.0   7.5   6.4   4.8   2.6    .0  -3.0    .0    .0
      -2.1       -.1     162.0
    .0   -.6   -.5   -.1    .7   1.6   2.6   3.4   4.1   4.5
   4.5   4.2   3.5   2.3    .7  -1.3  -3.7    .0    .0
SPP571212238+GP      groundplane                              NGS (  2) 00/08/22
        .3       2.0      94.9
    .0  -1.1   -.7    .7   2.6   4.5   6.5   8.0   9.0   9.4
   9.3   8.4   7.3   5.8   4.3   3.3   2.8    .0    .0
      -1.4       3.1      76.5
    .0  -2.7  -4.5  -5.6  -6.2  -6.4  -6.4  -6.3  -6.0  -5.8
  -5.6  -5.4  -5.2  -5.0  -4.7  -4.0  -3.2    .0    .0
SPP571908273+CR      chokerings, oblong antenna element       NGS (  1) 99/09/02
       5.3      -2.1      86.2
    .0   1.1   2.1   3.0   3.8   4.4   5.0   5.4   5.7   5.9
   6.0   5.8   5.5   5.0   4.2   3.1   1.6    .0    .0
       3.1       1.1      95.7
    .0    .4    .7    .8    .9    .8    .7    .6    .4    .2
    .1    .1    .1    .3    .6   1.2   2.0    .0    .0
SPP571908273+CR SPKE CR, oblong antenna element, +rd          NGS (  1) 99/09/02
       5.4      -2.9      84.5
    .0   -.6   -.4    .4   1.6   2.8   3.9   4.8   5.4   5.5
   5.3   4.8   4.0   3.1   2.3   1.8   1.8    .0    .0
       3.6        .6      96.7
    .0   1.3   2.1   2.5   2.6   2.7   2.6   2.5   2.5   2.5
   2.6   2.6   2.7   2.7   2.5   2.1   1.4    .0    .0
THA800961+REC        Z-Max receiver + ant                     NGS (  3) 04/03/24
      -1.7      -3.1     362.2
   0.0  -0.5  -0.1   0.7   1.8   3.1   4.1   5.0   5.4   5.5
   5.1   4.1   2.8   1.0  -1.0  -3.1  -5.3   0.0   0.0
      -0.3      -1.5     359.4
   0.0   0.2   0.8   1.6   2.6   3.6   4.5   5.1   5.5   5.6
   5.3   4.6   3.5   1.9   0.0  -2.3  -4.9   0.0   0.0
THA800961+RTK        Z-Max w/RTK adaptor                      NGS (  4) 04/07/12
       3.8      -2.3     366.0
   0.0  -2.2  -2.8  -2.4  -1.4  -0.1   1.1   2.2   2.8   2.9
   2.4   1.4  -0.1  -2.0  -4.0  -5.9  -7.4   0.0   0.0
       3.8      -0.8     361.1
   0.0   0.6   0.9   1.1   1.2   1.5   1.8   2.2   2.6   3.0
   3.3   3.3   2.9   1.9   0.1  -2.9  -7.2   0.0   0.0
THA800961RECUHF      Z-Max receiver +UHF Vortex adaptor       NGS (  4) 04/03/26
       8.8      -3.2     811.8
   0.0  -0.3   0.2   1.2   2.4   3.8   5.0   5.9   6.5   6.6
   6.3   5.4   4.0   2.1  -0.1  -2.7  -5.5   0.0   0.0
       8.4       0.0     806.8
   0.0   2.2   3.8   4.9   5.8   6.3   6.8   7.2   7.4   7.5
   7.5   7.3   6.7   5.6   3.8   1.2  -2.7   0.0   0.0
THA800961RTKUHF      Z-Max Receiver+RTK+UHF Vortex adaptors   NGS (  3) 04/03/22
       9.4      -3.7     810.3
   0.0   0.9   2.2   3.6   5.1   6.5   7.6   8.5   9.0   9.0
   8.6   7.8   6.6   5.0   3.0   0.8  -1.4   0.0   0.0
       9.0      -1.4     807.6
   0.0   0.3   0.9   1.8   2.8   3.7   4.6   5.2   5.6   5.8
   5.5   4.9   4.0   2.6   1.0  -1.0  -3.3   0.0   0.0
THANAP002            microstrip, Geodetic                     NGS (  2) 05/05/11
       0.3       4.2      47.5
   0.0   1.4   3.1   4.8   6.5   7.8   8.9   9.6   9.8   9.6
   8.9   7.8   6.5   5.0   3.6   2.3   1.4   0.0   0.0
      -1.9      -0.1      50.2
   0.0  -2.2  -3.1  -3.1  -2.5  -1.5  -0.4   0.6   1.2   1.6
   1.3   0.6  -0.8  -2.8  -5.3  -8.4 -11.9   0.0   0.0
TOP72110             D/M element (used with Turbo-SII)        NGS (  1) 97/10/27
      -1.2       1.7     136.0
    .0   -.6   -.2    .9   2.5   4.2   6.0   7.5   8.6   9.1
   9.0   8.2   6.4   3.7    .1  -4.5 -10.1    .0    .0
       1.0       2.7     116.6
    .0    .6   1.0   1.4   1.8   2.1   2.5   2.7   3.0   3.1
   3.2   3.1   2.7   2.0   1.0   -.6  -2.8    .0    .0
TPSCR3_GGD           Choke Ring                               NGS (  3) 02/03/11
        .1        .0      80.5
    .0    .8   1.3   1.6   1.7   1.8   1.8   1.8   1.8   1.8
   1.9   2.0   2.0   1.8   1.5    .9   -.1    .0    .0
        .7        .8     103.5
    .0   -.5   -.5   -.2    .2    .7   1.1   1.5   1.8   1.8
   1.7   1.5   1.1    .7    .2   -.1   -.3    .0    .0
TPSCR3_GGD      CONE Choke Ring with Radome                   NGS (  3) 02/03/11
        .2        .1      80.3
    .0   1.2   1.9   2.4   2.6   2.6   2.6   2.5   2.5   2.4
   2.4   2.4   2.4   2.4   2.3   2.1   1.6    .0    .0
        .4        .6     102.7
    .0   -.8  -1.0   -.7   -.1    .5   1.1   1.7   2.0   2.1
   1.9   1.6   1.1    .5    .0   -.4   -.5    .0    .0
TPSCR4               Choke Ring                               NGS (  3) 03/04/07
        .3        .2     109.9
    .0    .3    .3    .4    .3    .3    .2    .2    .2    .2
    .2    .2    .2    .2    .3    .2    .1    .0    .0
       -.1       -.7     128.3
    .0   -.2   -.3   -.3   -.3   -.3   -.3   -.4   -.4   -.4
   -.4   -.4   -.4   -.5   -.5   -.4   -.4    .0    .0
TPSCR4          CONE Choke Ring with radome                   NGS (  3) 03/04/07
        .2        .6     109.2
    .0    .6    .9   1.1   1.2   1.1   1.0    .8    .6    .5
    .4    .4    .5    .7   1.1   1.7   2.4    .0    .0
        .0       -.7     126.8
    .0   -.6   -.9   -.9   -.8   -.6   -.5   -.3   -.3   -.2
   -.3   -.4   -.6   -.7   -.8   -.6   -.3    .0    .0
TPSHIPER_GD          Integrated Antenna/Receiver              NGS (  4) 02/01/23
      -1.7       -.8     106.0
    .0   -.3    .3   1.5   3.0   4.6   6.1   7.3   8.1   8.5
   8.3   7.5   6.3   4.5   2.4    .1  -2.3    .0    .0
      -1.2       -.8     101.2
    .0   -.9  -1.0   -.5    .1   1.0   1.9   2.6   3.3   3.5
   3.5   3.0   2.2    .9   -.7  -2.7  -5.1    .0    .0
TPSHIPER_GGD         Integrated Antenna/Receiver GPS/GLONASS  NGS (  4) 02/01/23
      -1.7       -.8     106.0
    .0   -.3    .3   1.5   3.0   4.6   6.1   7.3   8.1   8.5
   8.3   7.5   6.3   4.5   2.4    .1  -2.3    .0    .0
      -1.2       -.8     101.2
    .0   -.9  -1.0   -.5    .1   1.0   1.9   2.6   3.3   3.5
   3.5   3.0   2.2    .9   -.7  -2.7  -5.1    .0    .0
TPSHIPER_LITE        Integrated Ant/Rec with radio antenna    NGS (  3) 04/01/23
        .1       2.1     106.1
    .0    .4   1.4   2.7   4.2   5.6   7.0   8.1   8.9   9.3
   9.3   8.8   7.9   6.4   4.6   2.4    .0    .0    .0
        .1       1.6      95.7
    .0   -.6   -.5   -.1    .7   1.6   2.4   3.2   3.7   4.1
   4.1   3.7   3.0   2.0    .8   -.8  -2.5    .0    .0
TPSHIPER_PLUS        Integrated Ant/Rec with radio antenna    NGS (  3) 04/01/23
       -.8       1.6     105.9
    .0    .2   1.1   2.6   4.2   5.8   7.3   8.6   9.4   9.8
   9.6   9.0   7.8   6.2   4.2   1.9   -.5    .0    .0
       -.7        .7      97.1
    .0   -.9  -1.1   -.8   -.1    .7   1.6   2.4   2.9   3.2
   3.2   2.8   2.2   1.2    .0  -1.3  -2.8    .0    .0
TPSLEGANT2           L1/L2                                    NGS (  3) 03/05/30
        .0       -.5      57.7
    .0   -.9   -.8    .0   1.3   2.9   4.3   5.5   6.4   6.8
   6.7   6.2   5.2   3.8   2.1    .4  -1.2    .0    .0
        .1      -1.2      64.9
    .0   -.6   -.6   -.2    .5   1.3   2.2   3.0   3.7   4.2
   4.3   4.1   3.4   2.2    .5  -1.7  -4.5    .0    .0
TPSLEGANT3_UHF       Legant 3 with UHF Antenna                NGS (  3) 01/12/12
       -.7        .6     114.1
    .0    .1    .8   1.9   3.2   4.6   5.9   7.1   8.0   8.6
   8.6   8.2   7.1   5.3   2.7   -.6  -4.8    .0    .0
        .0        .3     112.6
    .0   -.5   -.5   -.1    .6   1.4   2.2   2.9   3.4   3.7
   3.7   3.4   2.7   1.7    .3  -1.4  -3.5    .0    .0
TPSLEGANT_G          L1                                       NGS (  3) 02/10/16
       2.5        .3      78.9
    .0    .8   1.9   3.0   4.2   5.3   6.3   7.0   7.4   7.5
   7.2   6.6   5.4   3.9   1.8   -.8  -3.8    .0    .0
        .0        .0        .0
    .0    .0    .0    .0    .0    .0    .0    .0    .0    .0
    .0    .0    .0    .0    .0    .0    .0    .0    .0
TPSMAPANT_B          L1                                       NGS (  2) 05/01/14
      -5.3       3.7     120.8
   0.0   2.1   3.8   5.0   5.9   6.6   7.0   7.4   7.5   7.6
   7.5   7.1   6.5   5.5   4.0   2.1  -0.6   0.0   0.0
       0.0       0.0       0.0
   0.0   0.0   0.0   0.0   0.0   0.0   0.0   0.0   0.0   0.0
   0.0   0.0   0.0   0.0   0.0   0.0   0.0   0.0   0.0
TPSMG_A2             L1/L2                                    NGS (  3) 05/01/10
      -1.2       0.0      71.5
   0.0  -1.1  -1.3  -0.6   0.5   1.9   3.3   4.5   5.4   5.8
   5.6   4.6   2.9   0.3  -3.2  -7.6 -12.8   0.0   0.0
      -2.0       3.2      51.4
   0.0   4.2   6.8   8.2   9.0   9.3   9.5   9.5   9.7   9.9
  10.1  10.2  10.0   9.2   7.6   4.7   0.0   0.0   0.0
TPSODYSSEY_I         Integrated Antenna/Receiver              NGS (  1) 03/05/30
        .4      -1.9      88.5
    .0    .7   1.7   2.9   4.2   5.5   6.6   7.6   8.2   8.4
   8.3   7.8   6.8   5.3   3.4   1.0  -1.7    .0    .0
       -.3      -1.7      88.9
    .0    .1    .5   1.1   1.8   2.6   3.4   4.1   4.7   5.0
   5.1   4.9   4.2   3.0   1.3  -1.1  -4.2    .0    .0
TPSPG_A1             L1/L2                                    NGS (  3) 03/07/08
        .7       2.2      54.3
    .0   -.8   -.5    .6   2.2   3.9   5.4   6.7   7.5   7.8
   7.5   6.8   5.7   4.3   2.9   1.7   1.0    .0    .0
        .4       -.2      60.5
    .0  -2.1  -3.2  -3.4  -3.1  -2.5  -1.6   -.6    .2    .8
   1.1    .9    .3   -.9  -2.6  -4.9  -7.8    .0    .0
TPSPG_A1+GP          L1/L2 +groundplane                       NGS (  2) 04/07/14
       1.4       1.4      51.1
   0.0  -0.5   0.0   1.2   2.6   4.1   5.3   6.3   6.8   6.8
   6.2   5.2   3.9   2.3   0.7  -0.8  -1.6   0.0   0.0
       1.3       2.7      56.7
   0.0  -0.3  -0.5  -0.2   0.1   0.5   1.0   1.4   1.7   1.9
   1.9   1.6   1.1   0.2  -1.1  -2.8  -5.0   0.0   0.0
TPSPG_A2             microstrip                               NGS (  3) 04/01/22
       1.6       3.8      55.2
    .0   -.3    .5   1.8   3.5   5.2   6.8   8.0   8.7   8.9
   8.6   7.8   6.7   5.4   4.0   2.9   2.5    .0    .0
       1.0       1.9      59.7
    .0  -1.8  -2.5  -2.4  -1.8   -.9    .2   1.3   2.1   2.7
   2.7   2.5   1.7    .4  -1.4  -3.7  -6.4    .0    .0
TPSPG_A5             L1                                       NGS (  3) 04/06/25
       0.7       1.1      69.0
   0.0   1.8   3.4   4.8   6.0   7.1   8.0   8.6   9.1   9.3
   9.1   8.6   7.8   6.4   4.5   1.9  -1.4   0.0   0.0
       0.0       0.0       0.0
   0.0   0.0   0.0   0.0   0.0   0.0   0.0   0.0   0.0   0.0
   0.0   0.0   0.0   0.0   0.0   0.0   0.0   0.0   0.0
TPS_CR.3        SCIS p/n: 01-031401-01, radome p/n: 0010      NGS (  3) 06/02/12
       0.1       0.5      79.3
   0.0   1.5   2.2   2.3   2.1   1.8   1.4   1.1   1.0   1.0
   1.2   1.5   1.8   2.0   1.9   1.5   0.3   0.0   0.0
       0.9      -0.1     103.5
   0.0   0.0   0.2   0.6   1.0   1.5   1.9   2.2   2.4   2.4
   2.3   2.0   1.6   1.0   0.3  -0.5  -1.3   0.0   0.0
TPS_CR.G3       NONE Topcon chokering, p/n: 01-044301-01      NGS (  3) 06/06/07
       0.3       0.9     106.9
   0.0   0.1   0.0  -0.2  -0.5  -0.7  -0.9  -1.0  -1.0  -1.0
  -0.9  -0.7  -0.5  -0.3  -0.2  -0.2  -0.4   0.0   0.0
       0.5       0.9     126.3
   0.0   0.0   0.1   0.2   0.4   0.6   0.8   0.9   1.0   1.0
   0.9   0.8   0.6   0.3   0.1  -0.2  -0.4   0.0   0.0
TPS_CR4+RD      SCIS Choke Ring+rd                            NGS (  3) 05/05/20
       0.1       0.6     106.9
   0.0   0.0  -0.2  -0.4  -0.5  -0.7  -0.9  -1.0  -1.0  -1.0
  -1.0  -0.8  -0.7  -0.5  -0.3  -0.2  -0.1   0.0   0.0
       0.1       0.2     126.2
   0.0   0.0   0.0   0.0  -0.1  -0.1  -0.2  -0.2  -0.3  -0.3
  -0.3  -0.3  -0.2  -0.2   0.0   0.1   0.4   0.0   0.0
TPS_MC.A5       NONE Topcon MC-A5 L1, p/n: 01-841001-01       NGS (  3) 06/01/25
       0.7       1.2      56.0
   0.0   2.0   4.0   5.9   7.6   9.0  10.1  10.9  11.3  11.4
  11.0  10.3   9.2   7.6   5.7   3.4   0.9   0.0   0.0
       0.0       0.0       5.7
   0.0   0.0   0.0   0.0   0.0   0.0   0.0   0.0   0.0   0.0
   0.0   0.0   0.0   0.0   0.0   0.0   0.0   0.0   0.0
TRM14532.00          4000ST L1/L2 Geodetic                    NGS (  3) 97/10/27
       -.7      -2.2      75.7
    .0   5.4  10.1  14.3  17.7  20.3  22.1  23.1  23.4  23.0
  22.1  20.7  19.2  17.7  16.4  15.6  15.7    .0    .0
      -1.9       -.3      74.5
    .0    .7   1.5   2.4   3.3   4.0   4.6   5.0   5.2   5.1
   4.9   4.4   4.0   3.5   3.0   2.7   2.7    .0    .0
TRM14532.10          4000SSE Kin L1/L2                        NGS (  1) 97/10/27
      -1.6        .9      96.0
    .0    .0    .7   1.7   3.0   4.3   5.6   6.6   7.3   7.5
   7.3   6.6   5.3   3.6   1.3  -1.4  -4.5    .0    .0
       1.6       4.1      94.4
    .0  -1.0  -1.3  -1.1   -.6    .2    .9   1.6   2.1   2.3
   2.1   1.6    .6   -.8  -2.6  -4.8  -7.3    .0    .0
TRM22020.00+GP       Geodetic L1/L2 compact +groundplane      NGS (  4) 97/10/27
       -.1       -.6      74.2
    .0   4.6   8.9  12.6  15.8  18.3  20.0  20.9  21.1  20.6
  19.5  18.1  16.3  14.5  13.0  12.0  11.8    .0    .0
       -.5       2.8      70.5
    .0    .3   1.0   1.9   2.8   3.6   4.3   4.8   5.1   5.0
   4.7   4.1   3.3   2.4   1.4    .5   -.1    .0    .0
TRM22020.00-GP       Geodetic L1/L2 compact -groundplane      NGS (  3) 97/10/27
       2.4      -1.0      83.4
    .0    .0    .6   1.5   2.7   3.8   4.9   5.7   6.1   6.2
   5.9   5.3   4.2   2.8   1.2   -.6  -2.3    .0    .0
        .4       2.7      82.5
    .0  -1.2  -1.6  -1.3   -.8    .0    .7   1.3   1.8   1.9
   1.7   1.2    .3   -.8  -2.1  -3.4  -4.7    .0    .0
TRM22020.02     TCWD L1/L2 w/rd and gp                        NGS (  3) 04/10/08
       2.0       0.6      83.0
   0.0  -3.8  -5.3  -5.2  -4.1  -2.4  -0.5   1.1   2.2   2.6
   2.3   1.1  -0.9  -3.6  -6.7 -10.1 -13.3   0.0   0.0
      -0.1       2.5      71.9
   0.0   3.8   7.3  10.3  12.8  14.7  16.0  16.8  16.9  16.6
  15.8  14.8  13.6  12.4  11.5  11.2  11.5   0.0   0.0
TRM23903.00          Permanent L1/L2                          NGS (  1) 97/10/27
       1.2        .4      77.0
    .0   4.8   9.3  13.1  16.4  18.8  20.5  21.5  21.7  21.3
  20.3  18.9  17.2  15.6  14.2  13.4  13.4    .0    .0
        .5       4.0      75.6
    .0    .1    .5   1.1   1.7   2.2   2.7   3.0   3.1   3.0
   2.8   2.4   1.9   1.3    .8    .5    .4    .0    .0
TRM27947.00+GP       Rugged L1/L2 +groundplane                NGS (  1) 97/10/27
       1.6       -.4      75.2
    .0   5.2   9.9  14.0  17.4  20.0  21.8  22.8  23.1  22.7
  21.7  20.4  18.9  17.4  16.2  15.7  16.1    .0    .0
       -.4       2.8      75.6
    .0    .4    .9   1.6   2.3   3.0   3.5   3.8   4.0   3.9
   3.7   3.2   2.7   2.1   1.6   1.1    .9    .0    .0
TRM27947.00-GP       Rugged L1/L2 -groundplane                NGS (  1) 97/10/27
       3.4        .1      91.7
    .0   -.3    .1    .8   1.8   2.9   3.9   4.8   5.3   5.5
   5.3   4.8   3.8   2.5   1.0   -.7  -2.4    .0    .0
      -1.4       2.1      94.9
    .0   -.5   -.7   -.6   -.4   -.1    .2    .6    .8   1.0
    .9    .6    .1   -.8  -2.1  -3.8  -6.0    .0    .0
TRM29659.00          D/M element, chokerings, -radome         NGS (  4) 97/10/27
       1.2        .5     109.8
    .0    .3    .5    .5    .5    .5    .5    .4    .4    .4
    .4    .4    .4    .4    .5    .5    .4    .0    .0
       1.2        .6     128.0
    .0    .0    .0    .0    .0    .0    .1    .1    .0    .0
   -.1   -.1   -.1   -.1    .0    .2    .4    .0    .0
TRM29659.00     SCIS D/M element, CR, +SCIS radome            NGS (  3) 05/06/17
       1.0       0.3     106.5
   0.0   0.0  -0.1  -0.3  -0.5  -0.7  -0.9  -1.1  -1.2  -1.2
  -1.1  -1.0  -0.9  -0.7  -0.5  -0.3  -0.2   0.0   0.0
       0.2       0.0     125.8
   0.0   0.0   0.0  -0.1  -0.1  -0.2  -0.3  -0.3  -0.4  -0.4
  -0.4  -0.3  -0.3  -0.2  -0.1   0.0   0.1   0.0   0.0
TRM29659.00     SCIT D/M element, CR, +SCIT radome SCIGN mt   NGS (  3) 05/06/10
       0.9       0.9     106.8
   0.0  -0.2  -0.5  -0.7  -0.8  -0.8  -0.9  -0.9  -0.9  -0.8
  -0.8  -0.7  -0.7  -0.7  -0.8  -1.0  -1.3   0.0   0.0
       0.2       1.7     125.1
   0.0   0.2   0.4   0.5   0.5   0.5   0.5   0.5   0.4   0.4
   0.3   0.3   0.4   0.5   0.7   0.9   1.3   0.0   0.0
TRM29659.00     UNAV D/M element, chokerings, radome          NGS (  1) 03/03/17
        .8       1.9     107.7
    .0    .8   1.3   1.4   1.4   1.3   1.1    .9    .8    .7
    .7    .8    .9   1.1   1.3   1.4   1.4    .0    .0
       -.7       -.1     127.3
    .0   -.3   -.4   -.5   -.6   -.6   -.6   -.6   -.6   -.6
   -.6   -.6   -.5   -.5   -.3   -.1    .2    .0    .0
TRM33429.00+GP       L1/L2 microcentered Geodetic +GP         NGS (  8) 97/10/27
       -.2       1.2      74.0
    .0   3.9   7.6  11.1  14.1  16.5  18.3  19.2  19.5  19.1
  18.1  16.6  14.9  13.0  11.5  10.4  10.2    .0    .0
        .6        .9      70.3
    .0    .6   1.4   2.4   3.4   4.4   5.1   5.6   5.8   5.7
   5.3   4.7   3.9   3.0   2.1   1.4    .9    .0    .0
TRM33429.00-GP       L1/L2 microcentered Geodetic -GP         NGS (  4) 01/06/20
       -.1       -.4      80.5
    .0    .7   1.8   3.0   4.2   5.3   6.4   7.2   7.8   8.1
   8.0   7.6   6.8   5.6   4.1   2.2    .0    .0    .0
        .8       -.9      79.4
    .0   -.1    .1    .6   1.2   1.9   2.6   3.3   3.7   4.0
   4.1   3.9   3.4   2.5   1.4   -.2  -2.0    .0    .0
TRM33429.20+GP       L1/L2 microcentered Geodetic +GP         NGS (  3) 01/08/29
       -.4      -1.0      72.9
    .0   4.8   9.3  13.3  16.6  19.3  21.2  22.3  22.7  22.5
  21.8  20.6  19.3  18.0  16.9  16.4  16.7    .0    .0
       -.4      -1.3      75.0
    .0    .3    .9   1.6   2.2   2.9   3.4   3.8   4.0   4.1
   3.9   3.6   3.2   2.7   2.2   1.8   1.5    .0    .0
TRM33429.20+GP  TCWD L1/L2 microcentered Geodetic +GP         NGS (  3) 02/12/05
       -.3      -1.2      74.0
    .0  10.0  17.1  22.0  25.0  26.8  27.6  27.8  27.7  27.4
  27.0  26.6  26.1  25.4  24.2  22.5  19.8    .0    .0
        .1       -.6      78.2
    .0   2.3   4.5   6.3   7.8   9.0   9.7  10.0  10.0   9.7
   9.1   8.5   8.0   7.7   7.9   8.8  10.7    .0    .0
TRM33429.20+GP  UNAV L1/L2 microcentered Geodetic +GP         NGS (  3) 03/08/05
       -.6       -.3      75.8
    .0   5.1   9.8  14.2  17.8  20.7  22.9  24.2  24.7  24.6
  23.7  22.4  20.9  19.3  17.9  17.0  17.0    .0    .0
      -1.0      -1.4      76.9
    .0   1.0   2.1   3.0   3.9   4.6   5.2   5.5   5.7   5.7
   5.6   5.2   4.8   4.3   3.7   3.2   2.8    .0    .0
TRM36569.00+GP       13" microcentered +GP                    NGS (  4) 01/10/12
        .0       -.3      63.2
    .0    .7   1.4   2.3   3.1   3.9   4.6   5.2   5.6   5.9
   5.9   5.6   5.0   4.1   3.0   1.4   -.6    .0    .0
       -.9       -.8      44.6
    .0   -.9  -1.5  -1.9  -2.2  -2.4  -2.7  -3.0  -3.3  -3.6
  -3.9  -4.0  -3.8  -3.3  -2.1   -.3   2.4    .0    .0
TRM39105.00          Trimble Zephyr without Ground Plane      NGS (  4) 01/04/11
        .0        .2      71.2
    .0   1.0   2.2   3.4   4.6   5.8   7.0   8.0   8.7   9.2
   9.3   8.9   8.0   6.5   4.3   1.4  -2.5    .0    .0
       -.7        .9      67.4
    .0   -.3   -.1    .4   1.1   1.9   2.8   3.5   4.0   4.4
   4.4   4.1   3.3   2.1    .6  -1.5  -4.0    .0    .0
TRM41249.00          Trimble Zephyr Geodetic with GP          NGS (  4) 01/04/11
        .3        .5      71.4
    .0    .6   1.4   2.3   3.2   4.1   4.9   5.6   6.1   6.4
   6.4   6.1   5.5   4.5   3.1   1.3   -.9    .0    .0
       -.4        .1      68.2
    .0   -.5   -.6   -.5   -.2    .1    .5    .8   1.0   1.1
   1.0    .9    .6    .2   -.2   -.6   -.8    .0    .0
TRM41249.00     SCIT Zephyr Geodetic +SCIGN 'tall' radome     NGS (  3) 05/07/22
       0.8       1.7      75.8
   0.0  -0.1   0.3   1.0   1.8   2.6   3.4   4.0   4.4   4.5
   4.2   3.6   2.6   1.3  -0.4  -2.3  -4.4   0.0   0.0
       0.5       1.2      67.1
   0.0  -0.4  -0.4  -0.3   0.0   0.3   0.6   0.8   1.0   1.0
   0.8   0.6   0.2  -0.2  -0.6  -1.0  -1.2   0.0   0.0
TRM41249.00     TZGD Trimble Zephyr Geodetic with GP/Radome   NGS (  3) 03/01/16
        .3        .6      71.5
    .0    .4   1.2   2.0   3.0   3.9   4.8   5.4   5.9   6.1
   6.1   5.8   5.2   4.2   3.0   1.6    .0    .0    .0
       -.4       -.2      67.4
    .0   -.1    .0    .2    .5    .8   1.2   1.5   1.7   1.8
   1.9   1.8   1.6   1.2    .7    .0   -.9    .0    .0
TRM41249USCG    SCIT Zephyr Geodetic L1/L2 +RD w/ USCG mount  NGS (  4) 05/07/22
      -3.4      -1.9      81.3
   0.0   0.2   0.7   1.5   2.5   3.4   4.2   4.9   5.3   5.4
   5.1   4.5   3.5   2.2   0.5  -1.4  -3.5   0.0   0.0
      -3.7      -1.5      68.9
   0.0   0.7   1.3   1.8   2.3   2.6   2.9   3.1   3.2   3.2
   3.2   3.0   2.8   2.4   1.8   1.2   0.4   0.0   0.0
TRM4800              Receiver+Internal microcentered antenna  NGS (  1) 99/01/12
       -.2       1.5     175.9
    .0    .7   1.9   3.4   4.9   6.4   7.7   8.6   9.1   9.1
   8.7   7.8   6.6   5.2   3.6   2.1    .9    .0    .0
       -.6       1.3     178.9
    .0   -.3    .0    .6   1.4   2.2   3.0   3.5   3.7   3.7
   3.4   2.8   2.0   1.1    .2   -.5   -.8    .0    .0
TRM49700.00     NONE Trimble Choke Ring P/N:49700-00          NGS (  3) 03/06/27
       1.1       0.3     123.2
   0.0   0.3   0.7   1.1   1.6   2.0   2.3   2.5   2.7   2.7
   2.5   2.2   1.7   1.1   0.3  -0.6  -1.6   0.0   0.0
       0.3      -0.6     129.7
   0.0  -0.1  -0.1   0.0   0.1   0.3   0.4   0.5   0.5   0.5
   0.4   0.3   0.1  -0.1  -0.3  -0.6  -0.7   0.0   0.0
TRM53406.00          Zephyr (L1) A3                           NGS (  3) 05/03/28
       0.4      -2.5      77.7
   0.0  -0.1   0.6   1.6   3.0   4.5   6.0   7.2   8.1   8.4
   8.3   7.3   5.7   3.0  -0.7  -5.3 -11.1   0.0   0.0
       0.0       0.0       0.0
   0.0   0.0   0.0   0.0   0.0   0.0   0.0   0.0   0.0   0.0
   0.0   0.0   0.0   0.0   0.0   0.0   0.0   0.0   0.0
TRM55970.00          Zephyr GNSS (GPS/GLONASS)                NGS (  2) 06/03/31
      -0.3      -3.8      81.3
   0.0   0.9   2.0   3.2   4.5   5.7   6.7   7.5   8.1   8.4
   8.2   7.6   6.4   4.6   2.0  -1.2  -5.4   0.0   0.0
      -0.6      -0.7      70.2
   0.0  -0.1   0.2   0.8   1.6   2.4   3.2   4.0   4.5   4.7
   4.6   4.1   3.2   1.6  -0.4  -3.1  -6.4   0.0   0.0
TRM55971.00          Zephyr GNSS Geodetic Model 2             NGS (  2) 06/06/12
       1.6       0.7      85.0
   0.0   0.7   1.6   2.8   3.9   4.9   5.9   6.6   7.0   7.2
   6.8   6.2   5.2   3.7   1.8  -0.5  -3.2   0.0   0.0
       0.8       1.2      70.1
   0.0  -0.1  -0.1   0.1   0.4   0.7   1.0   1.2   1.4   1.5
   1.4   1.1   0.8   0.2  -0.4  -1.3  -2.2   0.0   0.0
TRM55971.00     SCIT Zephyr GNSS Geod Mod2, radome p/n:0020   NGS (  2) 06/07/17
       1.7       1.6      85.9
   0.0  -0.2   0.1   0.8   1.8   2.8   3.7   4.4   4.9   5.0
   4.8   4.1   3.0   1.4  -0.6  -3.0  -5.5   0.0   0.0
       0.9       1.6      67.8
   0.0  -0.3  -0.3  -0.1   0.2   0.8   1.1   1.4   1.5   1.5
   1.4   1.1   0.6   0.1  -0.5  -1.0  -1.2   0.0   0.0
TRM55971.00     TZGD Zephyr GNSS Geod. Model 2, p/n: 55971-00 NGS (  2) 06/07/14
       1.1       0.9      85.6
   0.0   0.9   1.9   3.0   4.0   5.0   5.8   6.4   6.8   6.9
   6.7   6.0   5.0   3.5   1.6  -0.9  -3.8   0.0   0.0
       0.7       0.9      70.0
   0.0  -0.4  -0.5  -0.3   0.0   0.4   0.7   1.0   1.2   1.3
   1.2   0.9   0.4  -0.2  -1.1  -2.0  -3.1   0.0   0.0
TRM5800              Receiver+Antenna                         NGS (  3) 02/12/05
        .2       1.5      93.0
    .0   1.6   3.4   5.0   6.5   7.9   9.1  10.0  10.6  10.9
  10.8  10.3   9.4   8.2   6.5   4.5   2.1    .0    .0
        .2      -1.6      84.9
    .0   -.9   -.6    .4   1.8   3.4   4.8   6.1   7.0   7.3
   7.2   6.6   5.4   3.8   2.0    .0  -1.9    .0    .0
TRMA3_L1             L1 only                                  NGS (  2) 05/01/24
       0.4      -2.5      77.7
   0.0  -0.1   0.6   1.6   3.0   4.5   6.0   7.2   8.1   8.4
   8.3   7.3   5.7   3.0  -0.7  -5.3 -11.1   0.0   0.0
       0.0       0.0       0.0
   0.0   0.0   0.0   0.0   0.0   0.0   0.0   0.0   0.0   0.0
   0.0   0.0   0.0   0.0   0.0   0.0   0.0   0.0   0.0
TRM_R8_GNSS          Integrated Antenna (R8) Model 2          NGS (  2) 06/05/22
       0.9       0.0     103.9
   0.0   0.6   1.6   2.9   4.2   5.5   6.7   7.5   7.9   8.0
   7.6   6.8   5.5   3.8   1.6  -0.9  -3.5   0.0   0.0
      -1.9       0.2      88.5
   0.0  -0.9  -0.9  -0.1   1.1   2.3   3.5   4.4   4.9   5.0
   4.6   3.7   2.3   0.5  -1.6  -3.7  -5.8   0.0   0.0

