     30.0     .037 16.63 13
     60.0     .557 16.63 13
     90.0    -.266 16.64 13
    120.0    -.566 16.64 13
    150.0    -.003 16.65 13
    180.0     .137 16.65 13
    210.0    -.331 16.65 13
    240.0    -.179 16.66 13
    270.0    1.172 16.66 13
    300.0     .734 16.66 13
    330.0    1.084 16.65 13
    360.0    -.613 16.65 13
    390.0     .757 16.65 13
    420.0     .149 16.64 13
    450.0    1.121 16.64 13
    480.0     .056 16.63 13
    510.0    1.433 16.63 13
    540.0    -.478 16.62 13
    570.0   -2.031 16.61 13
    600.0    -.270 16.60 13
    630.0     .134 16.59 13
    660.0    -.679 16.58 13
    690.0    -.577 16.57 13
    720.0    1.069 16.55 13
    750.0     .251 16.54 13
    780.0     .361 16.52 13
    810.0    1.570 16.51 13
    840.0    1.105 16.49 13
    870.0    -.906 16.47 13
    900.0     .089 16.45 13
    930.0     .039 16.43 13
    960.0    1.555 16.41 13
    990.0    1.412 16.39 13
   1020.0     .390 16.37 13
   1050.0    -.392 16.34 13
   1080.0   -1.385 16.32 13
   1110.0     .337 16.29 13
   1140.0    1.537 16.27 13
   1170.0    1.975 16.24 13
   1200.0    2.108 16.21 13
   1230.0    1.990 16.18 13
   1260.0    1.384 16.15 13
   1290.0     .080 16.12 13
   1320.0     .291 16.09 13
   1350.0    1.936 16.05 13
   1380.0    2.212 16.02 13
   1410.0    1.861 15.98 13
   1440.0    1.203 15.95 13
   1470.0     .252 15.91 13
   1500.0     .168 15.87 13
   1530.0    1.248 15.84 13
   1560.0    1.197 15.80 13
   1590.0     .013 15.76 13
   1620.0     .759 15.71 13
   1650.0    1.683 15.67 13
   1680.0    1.035 15.63 13
   1710.0    1.541 15.58 13
   1740.0     .653 15.54 13
   1770.0    1.271 15.49 13
   1800.0   -1.257 15.45 13
   1830.0   -2.223 15.40 13
   1860.0    -.769 15.35 13
   1890.0    1.506 15.30 13
   1920.0    1.112 15.25 13
   1950.0    1.011 15.20 13
   1980.0    1.135 15.14 13
   2010.0    1.078 15.09 13
   2040.0    1.034 15.04 13
   2070.0     .324 14.98 13
   2100.0     .934 14.92 13
   2130.0     .432 14.87 13
   2160.0    -.010 14.81 13
   2190.0    1.316 14.75 13
   2220.0    1.213 14.69 13
   2250.0    2.251 14.63 13
   2280.0    1.605 14.57 13
   2310.0     .905 14.51 13
   2340.0    -.436 14.44 13
   2370.0    -.256 14.38 13
   2400.0     .891 14.31 13
   2430.0     .005 14.25 13
   2460.0    1.071 14.18 13
   2490.0     .776 14.11 13
   2520.0    1.145 14.04 13
   2550.0    1.543 13.97 13
   2580.0    1.266 13.90 13
   2610.0     .396 13.83 13
   2640.0    -.666 13.76 13
   2670.0    -.840 13.69 13
   2700.0     .496 13.61 13
   2730.0    1.864 13.54 13
   2760.0     .831 13.46 13
     30.0    -.869 39.95  4
     60.0     .373 39.82  4
     90.0     .144 39.69  4
    120.0     .003 39.56  4
    150.0    -.863 39.44  4
    180.0     .148 39.31  4
    210.0    -.184 39.18  4
    240.0    -.212 39.05  4
    270.0     .437 38.92  4
    300.0    -.554 38.79  4
    330.0    1.477 38.67  4
    360.0    -.962 38.54  4
    390.0     .776 38.41  4
    420.0     .576 38.29  4
    450.0     .558 38.16  4
    480.0     .412 38.03  4
    510.0     .231 37.91  4
    540.0    -.191 37.78  4
    570.0    -.325 37.66  4
    600.0     .015 37.53  4
    630.0     .262 37.40  4
    660.0    -.569 37.28  4
    690.0    -.111 37.15  4
    720.0    -.125 37.03  4
    750.0     .596 36.91  4
    780.0    -.075 36.78  4
    810.0     .653 36.66  4
    840.0     .350 36.54  4
    870.0    -.316 36.41  4
    900.0    -.529 36.29  4
    930.0    -.104 36.17  4
    960.0     .434 36.04  4
    990.0    1.404 35.92  4
   1020.0     .976 35.80  4
   1050.0     .132 35.68  4
   1080.0    -.159 35.56  4
   1110.0    -.694 35.43  4
   1140.0     .909 35.31  4
   1170.0    1.128 35.19  4
   1200.0     .951 35.07  4
   1230.0    1.840 34.95  4
   1260.0     .169 34.83  4
   1290.0    1.456 34.71  4
   1320.0     .393 34.59  4
   1350.0     .477 34.47  4
   1380.0     .408 34.35  4
   1410.0     .652 34.23  4
   1440.0    1.261 34.11  4
   1470.0     .814 33.99  4
   1500.0     .433 33.88  4
   1530.0    1.098 33.76  4
   1560.0     .591 33.64  4
   1590.0     .411 33.52  4
   1620.0     .812 33.40  4
   1650.0    1.579 33.29  4
   1680.0     .026 33.17  4
   1710.0    -.137 33.05  4
   1740.0     .613 32.94  4
   1770.0     .518 32.82  4
   1800.0    -.133 32.70  4
   1830.0     .123 32.59  4
   1860.0     .601 32.47  4
   1890.0    -.056 32.36  4
   1920.0     .503 32.24  4
   1950.0     .223 32.12  4
   1980.0    -.389 32.01  4
   2010.0    -.266 31.89  4
   2040.0     .701 31.78  4
   2070.0    1.330 31.66  4
   2100.0    1.479 31.55  4
   2130.0     .973 31.44  4
   2160.0    -.137 31.32  4
   2190.0    1.386 31.21  4
   2220.0     .522 31.10  4
   2250.0    1.921 30.98  4
   2280.0     .400 30.87  4
   2310.0     .706 30.76  4
   2340.0     .225 30.64  4
   2370.0     .538 30.53  4
   2400.0     .683 30.42  4
   2430.0    -.127 30.31  4
   2460.0    1.335 30.19  4
   2490.0    -.108 30.08  4
   2520.0    1.386 29.97  4
   2550.0     .350 29.86  4
   2580.0    1.088 29.75  4
   2610.0     .065 29.64  4
   2640.0    -.337 29.53  4
   2670.0    1.049 29.41  4
   2700.0     .021 29.30  4
   2730.0    1.250 29.19  4
   2760.0    -.341 29.08  4
   2790.0    -.979 28.97  4
   2820.0     .931 28.86  4
   2850.0     .107 28.75  4
   2880.0    -.713 28.64  4
   2910.0   -1.854 28.53  4
   2940.0    -.420 28.43  4
   2970.0    1.110 28.32  4
   3000.0     .365 28.21  4
   3030.0     .418 28.10  4
   3060.0     .747 27.99  4
   3090.0    1.796 27.88  4
   3120.0    1.777 27.77  4
   3150.0    -.644 27.66  4
   3180.0     .555 27.56  4
   3210.0    -.149 27.45  4
   3240.0     .121 27.34  4
   3270.0     .341 27.23  4
   3300.0    -.394 27.13  4
   3330.0    1.478 27.02  4
   3360.0    1.882 26.91  4
   3390.0    1.361 26.80  4
   3420.0    1.317 26.70  4
   3450.0     .974 26.59  4
   3480.0    1.251 26.48  4
   3510.0    1.865 26.38  4
   3540.0   -1.006 26.27  4
   3570.0    1.383 26.17  4
   3600.0     .732 26.06  4
     30.0    -.484 50.00 10
     60.0    -.742 50.24 10
     90.0    -.100 50.48 10
    120.0    -.674 50.73 10
    150.0   -1.421 50.97 10
    180.0    -.307 51.21 10
    210.0    -.909 51.46 10
    240.0    -.202 51.70 10
    270.0     .259 51.94 10
    300.0    -.233 52.18 10
    330.0     .399 52.43 10
     30.0     .237 13.00 30
     60.0     .800 13.15 30
     90.0     .711 13.30 30
    120.0    1.231 13.46 30
    150.0    1.382 13.61 30
    180.0    1.380 13.76 30
    210.0   -1.188 13.91 30
    240.0   -2.200 14.06 30
    270.0    1.590 14.21 30
    300.0   -1.444 14.36 30
    330.0    -.384 14.51 30
    360.0    -.544 14.66 30
    390.0    -.220 14.81 30
    420.0     .748 14.95 30
    450.0    -.243 15.10 30
    480.0    -.890 15.25 30
    510.0    1.328 15.39 30
    540.0    -.306 15.54 30
    570.0    -.087 15.68 30
    600.0     .886 15.83 30
    630.0    1.507 15.97 30
    660.0     .685 16.11 30
    690.0     .544 16.26 30
    720.0    1.231 16.40 30
    750.0    -.186 16.54 30
    780.0     .485 16.68 30
    810.0     .555 16.82 30
    840.0     .627 16.96 30
    870.0    -.278 17.10 30
    900.0    -.276 17.24 30
    930.0    2.532 17.38 30
    960.0    1.772 17.52 30
    990.0    1.198 17.65 30
   1020.0    1.170 17.79 30
   1050.0     .793 17.93 30
   1080.0     .788 18.06 30
   1110.0    -.104 18.20 30
   1140.0    -.340 18.33 30
   1170.0    1.235 18.46 30
   1200.0    1.072 18.60 30
   1230.0     .838 18.73 30
   1260.0     .635 18.86 30
   1290.0    1.943 18.99 30
   1320.0    2.233 19.12 30
   1350.0     .553 19.25 30
   1380.0    1.941 19.38 30
   1410.0     .675 19.51 30
   1440.0    2.014 19.63 30
   1470.0    1.825 19.76 30
   1500.0     .476 19.89 30
   1530.0    2.626 20.01 30
   1560.0     .382 20.14 30
   1590.0     .781 20.26 30
   1620.0    1.071 20.38 30
   1650.0    1.585 20.50 30
   1680.0     .463 20.63 30
   1710.0    -.320 20.75 30
   1740.0     .094 20.87 30
   1770.0     .021 20.99 30
   1800.0    -.703 21.10 30
   1830.0     .125 21.22 30
   1860.0     .594 21.34 30
   1890.0     .124 21.46 30
   1920.0    -.698 21.57 30
   1950.0    1.905 21.69 30
   1980.0     .615 21.80 30
   2010.0    -.364 21.91 30
   2040.0     .566 22.02 30
   2070.0    1.549 22.14 30
   2100.0    2.279 22.25 30
   2130.0     .862 22.36 30
   2160.0     .649 22.46 30
   2190.0    1.451 22.57 30
   2220.0    1.231 22.68 30
   2250.0    1.761 22.79 30
   2280.0    2.541 22.89 30
   2310.0    1.845 23.00 30
   2340.0    1.352 23.10 30
   2370.0    1.287 23.20 30
   2400.0    1.000 23.31 30
   2430.0    1.401 23.41 30
   2460.0    2.506 23.51 30
   2490.0    -.081 23.61 30
   2520.0    1.085 23.70 30
   2550.0    1.229 23.80 30
   2580.0    2.048 23.90 30
   2610.0     .983 23.99 30
   2640.0     .757 24.09 30
   2670.0     .979 24.18 30
   2700.0    1.210 24.28 30
   2730.0    1.548 24.37 30
   2760.0     .528 24.46 30
   2790.0     .190 24.55 30
   2820.0     .136 24.64 30
   2850.0    1.089 24.73 30
   2880.0    -.904 24.81 30
   2910.0   -1.352 24.90 30
   2940.0    -.030 24.99 30
   2970.0     .309 25.07 30
   3000.0    2.067 25.15 30
   3030.0     .120 25.24 30
   3060.0    1.379 25.32 30
   3090.0    2.255 25.40 30
   3120.0    1.170 25.48 30
   3150.0     .604 25.55 30
   3180.0     .213 25.63 30
   3210.0     .110 25.71 30
   3240.0    1.413 25.78 30
   3270.0    1.215 25.86 30
   3300.0     .069 25.93 30
   3330.0    1.342 26.00 30
   3360.0    1.370 26.07 30
     30.0    -.838 38.14  7
     60.0    -.731 38.00  7
     90.0     .048 37.85  7
    120.0    -.456 37.71  7
    150.0   -1.253 37.56  7
    180.0    -.510 37.41  7
    210.0   -1.252 37.27  7
    240.0    -.552 37.12  7
    270.0    -.383 36.97  7
    300.0    -.790 36.82  7
    330.0     .583 36.67  7
    360.0   -1.069 36.52  7
    390.0    -.752 36.37  7
    420.0     .601 36.22  7
    450.0     .562 36.07  7
    480.0     .119 35.92  7
    510.0     .305 35.76  7
    540.0     .005 35.61  7
    570.0    -.156 35.46  7
    600.0     .404 35.31  7
    630.0    -.045 35.15  7
    660.0    -.980 35.00  7
    690.0    -.725 34.84  7
    720.0     .381 34.69  7
    750.0     .918 34.53  7
    780.0    1.035 34.38  7
    810.0     .241 34.22  7
    840.0    -.603 34.06  7
    870.0    -.405 33.91  7
    900.0    -.634 33.75  7
    930.0    -.469 33.59  7
    960.0     .823 33.43  7
    990.0     .279 33.27  7
   1020.0     .607 33.12  7
   1050.0     .472 32.96  7
   1080.0     .427 32.80  7
   1110.0   -1.135 32.64  7
   1140.0     .633 32.48  7
   1170.0     .957 32.32  7
   1200.0    -.668 32.15  7
   1230.0    -.130 31.99  7
   1260.0     .761 31.83  7
   1290.0     .696 31.67  7
   1320.0   -1.108 31.51  7
   1350.0    -.034 31.34  7
   1380.0     .190 31.18  7
   1410.0   -2.138 31.02  7
   1440.0   -1.404 30.85  7
   1470.0    -.002 30.69  7
   1500.0    -.739 30.52  7
   1530.0   -1.152 30.36  7
   1560.0     .756 30.19  7
   1590.0     .109 30.03  7
   1620.0   -2.216 29.86  7
   1650.0    -.743 29.69  7
   1680.0     .134 29.53  7
   1710.0    -.827 29.36  7
   1740.0    -.615 29.19  7
   1770.0    -.039 29.03  7
   1800.0    -.951 28.86  7
   1830.0   -1.383 28.69  7
   1860.0    -.313 28.52  7
   1890.0     .148 28.35  7
   1920.0   -1.087 28.18  7
   1950.0   -1.260 28.01  7
   1980.0    -.996 27.84  7
   2010.0    -.965 27.67  7
   2040.0     .724 27.50  7
   2070.0     .884 27.33  7
   2100.0     .182 27.16  7
   2130.0    -.109 26.99  7
   2160.0     .961 26.82  7
   2190.0    -.307 26.65  7
   2220.0     .538 26.48  7
   2250.0    1.482 26.31  7
   2280.0     .700 26.13  7
   2310.0    -.024 25.96  7
   2340.0     .657 25.79  7
   2370.0    -.216 25.62  7
   2400.0    -.525 25.44  7
   2430.0     .007 25.27  7
   2460.0    -.245 25.09  7
   2490.0    -.541 24.92  7
   2520.0     .302 24.75  7
   2550.0   -1.325 24.57  7
   2580.0    -.411 24.40  7
   2610.0    -.336 24.22  7
   2640.0   -1.305 24.05  7
   2670.0   -1.379 23.87  7
   2700.0    -.155 23.70  7
   2730.0   -1.728 23.52  7
   2760.0     .572 23.34  7
   2790.0     .402 23.17  7
   2820.0   -2.934 22.99  7
   2850.0     .586 22.81  7
   2880.0   -1.213 22.64  7
   2910.0   -5.017 22.46  7
   2940.0     .868 22.28  7
   2970.0     .199 22.11  7
   3000.0    -.464 21.93  7
   3030.0     .600 21.75  7
   3060.0   -1.624 21.57  7
   3090.0    -.466 21.39  7
   3120.0     .762 21.22  7
   3150.0    -.277 21.04  7
   3180.0   -2.072 20.86  7
   3210.0    -.156 20.68  7
   3240.0   -1.770 20.50  7
   3270.0    -.471 20.32  7
   3300.0     .505 20.14  7
   3330.0    -.718 19.96  7
   3360.0     .539 19.78  7
   3390.0     .517 19.60  7
   3420.0     .063 19.42  7
   3450.0    1.312 19.24  7
   3480.0    -.456 19.06  7
   3510.0     .200 18.88  7
   3540.0    -.145 18.70  7
   3570.0   -2.193 18.52  7
   3600.0     .496 18.34  7
     30.0     .311 39.41  5
     60.0     .370 39.49  5
     90.0     .482 39.58  5
    120.0    -.351 39.66  5
    150.0   -1.220 39.74  5
    180.0    -.438 39.82  5
    210.0   -1.094 39.89  5
    240.0    -.239 39.97  5
    270.0    -.089 40.05  5
    300.0    -.442 40.12  5
    330.0     .249 40.19  5
    360.0   -1.123 40.26  5
    390.0    -.296 40.33  5
    420.0    -.161 40.40  5
    450.0    -.557 40.47  5
    480.0    -.914 40.54  5
    510.0    -.510 40.60  5
    540.0   -1.413 40.66  5
    570.0    -.805 40.72  5
    600.0     .222 40.78  5
    630.0    -.805 40.84  5
    660.0   -1.153 40.90  5
    690.0   -1.138 40.96  5
    720.0    -.637 41.01  5
    750.0    -.705 41.07  5
    780.0    -.096 41.12  5
    810.0    -.220 41.17  5
    840.0    -.623 41.22  5
    870.0    -.700 41.26  5
    900.0    -.412 41.31  5
    930.0    -.129 41.36  5
    960.0     .350 41.40  5
    990.0    1.009 41.44  5
   1020.0     .779 41.48  5
   1050.0    -.221 41.52  5
   1080.0    -.018 41.56  5
   1110.0    -.748 41.59  5
   1140.0     .482 41.63  5
   1170.0     .688 41.66  5
   1200.0     .844 41.69  5
   1230.0     .937 41.72  5
   1260.0    1.346 41.75  5
   1290.0    1.211 41.78  5
   1320.0    1.013 41.81  5
   1350.0    -.371 41.83  5
   1380.0     .222 41.85  5
   1410.0     .421 41.88  5
   1440.0     .965 41.90  5
   1470.0     .950 41.91  5
   1500.0     .524 41.93  5
   1530.0     .654 41.95  5
   1560.0     .356 41.96  5
   1590.0   -1.079 41.97  5
   1620.0    -.898 41.99  5
   1650.0    -.103 42.00  5
   1680.0    -.155 42.00  5
   1710.0    -.474 42.01  5
   1740.0    -.090 42.02  5
   1770.0   -1.080 42.02  5
   1800.0    -.887 42.02  5
   1830.0    -.320 42.02  5
   1860.0     .538 42.02  5
   1890.0    -.559 42.02  5
   1920.0    -.386 42.02  5
   1950.0    -.235 42.01  5
   1980.0     .017 42.01  5
   2010.0    -.132 42.00  5
   2040.0     .305 41.99  5
   2070.0    -.793 41.98  5
   2100.0    -.210 41.96  5
   2130.0    -.024 41.95  5
   2160.0     .442 41.94  5
   2190.0     .377 41.92  5
   2220.0    -.128 41.90  5
   2250.0    1.708 41.88  5
   2280.0    1.258 41.86  5
   2310.0     .731 41.84  5
   2340.0     .285 41.82  5
   2370.0     .420 41.79  5
   2400.0     .403 41.76  5
   2430.0    1.022 41.74  5
   2460.0     .907 41.71  5
   2490.0     .303 41.68  5
   2520.0     .226 41.64  5
   2550.0     .308 41.61  5
   2580.0     .654 41.58  5
   2610.0    -.627 41.54  5
   2640.0     .220 41.50  5
   2670.0    -.181 41.46  5
   2700.0     .620 41.42  5
   2730.0    -.510 41.38  5
   2760.0    -.653 41.34  5
   2790.0    -.009 41.29  5
   2820.0    -.521 41.25  5
   2850.0    -.533 41.20  5
   2880.0   -1.245 41.15  5
   2910.0   -2.034 41.10  5
   2940.0    -.465 41.05  5
   2970.0     .149 41.00  5
   3000.0     .821 40.95  5
   3030.0    -.428 40.89  5
   3060.0    -.342 40.84  5
   3090.0     .331 40.78  5
   3120.0     .103 40.72  5
   3150.0    -.334 40.66  5
   3180.0   -1.362 40.60  5
   3210.0    -.698 40.54  5
   3240.0    -.369 40.48  5
   3270.0    -.329 40.41  5
   3300.0    -.521 40.35  5
   3330.0     .050 40.28  5
   3360.0     .744 40.21  5
   3390.0     .985 40.14  5
   3420.0     .631 40.07  5
   3450.0    1.059 40.00  5
   3480.0     .298 39.93  5
   3510.0     .636 39.86  5
   3540.0     .653 39.78  5
   3570.0     .890 39.70  5
   3600.0     .523 39.63  5
    360.0    -.773 53.94 24
    390.0     .075 53.90 24
    420.0     .041 53.87 24
    450.0     .575 53.83 24
    480.0    -.092 53.80 24
    510.0    -.703 53.76 24
    540.0   -1.717 53.72 24
    570.0    -.999 53.68 24
    600.0    -.424 53.64 24
    630.0    -.388 53.61 24
    660.0    -.429 53.57 24
    690.0     .057 53.53 24
    720.0    -.045 53.49 24
    750.0    -.817 53.45 24
    780.0    -.429 53.41 24
    810.0    -.038 53.37 24
    840.0    -.178 53.33 24
    870.0    -.604 53.29 24
    900.0     .060 53.25 24
    930.0     .405 53.20 24
    960.0     .567 53.16 24
    990.0     .654 53.12 24
   1020.0     .191 53.08 24
   1050.0     .213 53.03 24
   1080.0     .307 52.99 24
   1110.0    -.385 52.95 24
   1140.0     .699 52.90 24
   1170.0    1.081 52.86 24
   1200.0     .135 52.81 24
   1230.0     .630 52.77 24
   1260.0     .376 52.73 24
   1290.0     .159 52.68 24
   1320.0     .594 52.63 24
   1350.0     .255 52.59 24
   1380.0    -.236 52.54 24
   1410.0    -.136 52.50 24
   1440.0     .280 52.45 24
   1470.0     .000 52.40 24
   1500.0    -.410 52.36 24
   1530.0    -.533 52.31 24
   1560.0    -.052 52.26 24
   1590.0    -.571 52.22 24
   1620.0    -.433 52.17 24
   1650.0     .005 52.12 24
   1680.0    -.468 52.07 24
   1710.0    -.796 52.02 24
   1740.0     .085 51.98 24
   1770.0    -.459 51.93 24
   1800.0   -1.202 51.88 24
   1830.0    -.272 51.83 24
   1860.0    -.041 51.78 24
   1890.0    -.203 51.73 24
   1920.0    -.641 51.68 24
   1950.0    -.111 51.63 24
   1980.0    -.820 51.58 24
   2010.0    -.612 51.53 24
   2040.0     .169 51.48 24
   2070.0    -.111 51.43 24
   2100.0     .156 51.38 24
   2130.0     .269 51.33 24
   2160.0     .002 51.28 24
   2190.0     .242 51.23 24
   2220.0     .329 51.17 24
   2250.0    1.298 51.12 24
   2280.0    1.236 51.07 24
   2310.0     .885 51.02 24
   2340.0    -.093 50.97 24
   2370.0    -.025 50.92 24
   2400.0     .261 50.86 24
   2430.0     .406 50.81 24
   2460.0     .885 50.76 24
   2490.0     .141 50.71 24
   2520.0     .204 50.65 24
   2550.0     .855 50.60 24
   2580.0     .976 50.55 24
   2610.0    -.146 50.49 24
   2640.0    -.192 50.44 24
   2670.0    -.248 50.39 24
   2700.0     .171 50.33 24
   2730.0     .944 50.28 24
   2760.0     .243 50.23 24
   2790.0     .027 50.17 24
   2820.0    -.013 50.12 24
   2850.0     .175 50.06 24
   2880.0    -.868 50.01 24
   2910.0    -.550 49.95 24
   2940.0    -.866 49.90 24
   2970.0    -.282 49.85 24
   3000.0     .728 49.79 24
   3030.0     .540 49.74 24
   3060.0     .345 49.68 24
   3090.0    1.462 49.63 24
   3120.0     .734 49.57 24
   3150.0     .152 49.52 24
   3180.0    -.301 49.46 24
   3210.0    -.617 49.40 24
   3240.0    -.178 49.35 24
   3270.0    -.018 49.29 24
   3300.0    -.243 49.24 24
   3330.0     .768 49.18 24
   3360.0     .842 49.13 24
   3390.0    1.252 49.07 24
   3420.0     .463 49.01 24
   3450.0     .598 48.96 24
   3480.0     .420 48.90 24
   3510.0     .119 48.85 24
   3540.0     .049 48.79 24
   3570.0     .338 48.73 24
   3600.0     .051 48.68 24
   2820.0    -.886 10.04 23
   2850.0    -.678 10.23 23
   2880.0   -2.853 10.43 23
   2910.0   -1.431 10.62 23
   2940.0   -1.056 10.81 23
   2970.0    -.988 11.00 23
   3000.0     .516 11.19 23
   3030.0     .959 11.38 23
   3060.0    -.205 11.57 23
   3090.0    3.977 11.76 23
   3120.0    3.166 11.95 23
   3150.0    1.619 12.14 23
   3180.0    1.758 12.33 23
   3210.0    1.408 12.52 23
   3240.0    -.028 12.71 23
   3270.0    1.116 12.90 23
   3300.0     .566 13.09 23
   3330.0   -1.304 13.28 23
   3360.0     .601 13.46 23
   3390.0     .171 13.65 23
   3420.0   -2.039 13.84 23
   3450.0     .193 14.03 23
   3480.0    -.142 14.22 23
   3510.0   -1.418 14.41 23
   3540.0   -1.316 14.60 23
   3570.0    -.818 14.79 23
   3600.0   -1.108 14.98 23
