2002  1 20
SEAT             -2300593.5235 -3637847.0735  4691079.3554  47.653977708 237.690525356   44.3440
TRM29659.00      -2300593.5235 -3637847.0735  4691079.3554  47.653977708 237.690525356   44.3440
 0.1098          -2300593.5621 -3637847.1356  4691079.4373  47.653977719 237.690525362   44.4538
 0.1280          -2300593.5686 -3637847.1460  4691079.4508  47.653977719 237.690525364   44.4720
    0    3    5    5    5    5    5    4    4    4    4    4    4    4    5    5    4    0    0
    0    0    0    0    0    0    1    1    0    0   -1   -1   -1   -1    0    2    4    0    0
SEAW             -2295750.1300 -3637657.2738  4693516.4647  47.687005600 237.743699264   -3.9640
TRM22020.00+GP   -2295750.1300 -3637657.2738  4693516.4647  47.687005600 237.743699264   -3.9640
 0.0742          -2295750.1572 -3637657.3158  4693516.5195  47.687005599 237.743699256   -3.8898
 0.0705          -2295750.1532 -3637657.3158  4693516.5165  47.687005596 237.743699301   -3.8935
    0   46   89  126  158  183  200  209  211  206  195  181  163  145  130  120  118    0    0
    0    3   10   19   28   36   43   48   51   50   47   41   33   24   14    5   -1    0    0
 3600.000  3660.000  30.0
 3600.006  3600.000  8
 6 23173707.998 21363391.438  -2450481.979  -1057544.360 23173716.428 21363403.500  -2152892.771   -824037.477
25 26166468.842 24355861.891   4285964.169   3460618.648 26166484.162 24355880.410   3324063.661   2704110.868
 5 23571418.639 21762143.336  20775229.805  14418560.749 23571429.037 21762157.297  17431319.508  11235235.624
10 23392272.451 21579734.164  -4603854.790  -2503564.874 23392281.900 21579747.949     44402.381  -1950799.111
24 23819952.686 22004404.930  17994431.204  13630169.353 23819961.256 22004419.207  14453253.346  10620911.635
30 22237603.967 20428096.156   2278382.520   6002446.751 22237611.447 20428107.527   1851078.424   4677235.949
 4 26908953.217 25091890.180  20044036.694  39096270.403 26908961.799 25091902.336  15618737.548  30561214.738
17 26730178.139 24923773.508   -741681.225    -70044.684 26730197.807 21363403.500   -507141.414  99999999.999
 3630.006  3630.000  8
 6 23175511.568 21363947.250  -2441006.843  -1054623.926 23175519.705 21363959.020  -2145509.402   -821761.662
25 26179060.600 24367239.930   4352145.500   3520411.790 26179075.744 24367258.402   3375633.565   2750702.919
 5 23600763.779 21790261.555  20929437.386  14566324.839 23600774.693 21790275.738  17551481.162  11350376.377
10 23394544.436 21580757.102  -4591914.642  -2498185.664 23394554.658 21580770.828     53706.572  -1946607.338
24 23846892.170 22030096.992  18136000.624  13765180.338 23846900.951 22030111.023  14563567.217  10726115.031
30 22255134.131 20444402.648   2370501.661   6088137.868 22255141.436 20444413.867   1922859.590   4744008.265
 4 26941986.365 25123684.977     28925.572  39263368.863 26941992.623 25123698.457  15754004.416  30691421.823
17 26723753.537 24916110.813   -775440.086   -110308.013 26723770.264 24916132.488   -533446.529     -7311.204
 3660.006  3660.000  8
 6 23177360.451 21364551.656  -2431289.010  -1051448.387 23177368.318 21364563.344  -2137936.923   -819287.071
25 26191754.678 24378718.836   4418848.139   3580738.448 26191769.365 24378736.664   3427609.626   2797710.698
 5 23630177.162 21818450.977  21084006.442  14714462.476 23630187.350 21818464.738  17671924.499  11465808.217
10 23396921.639 21581888.867  -4579419.570  -2492239.430 23396931.252 21581902.805     63443.159  -1941973.727
24 23873879.615 22055838.695  18277822.684  13900456.563 23873888.736 22055852.855  14674077.947  10831525.101
30 22272776.514 20460824.695   2463215.932   6174436.451 22272783.596 20460835.656   1995104.494   4811253.929
 4 26975020.256 25155485.352    202516.308  39430478.904 99999999.999 25155500.414  99999999.999  30821637.617
17 26717347.842 24908468.070   -809102.129   -150462.676 26717376.396 24908484.668   -559676.294    -38600.130
