     0.000  8   39.02321472   -84.60590661    255.4072   2.4   1.3   2.1
     5.000  8   39.02317579   -84.60590926    251.1768   2.4   1.3   2.1
    10.000  8   39.02317951   -84.60590599    251.5033   2.4   1.3   2.1
    15.000  8   39.02317850   -84.60591052    253.1288   2.4   1.3   2.1
    20.000  8   39.02317659   -84.60590780    250.8519   2.4   1.3   2.1
    25.000  8   39.02317544   -84.60590750    252.0178   2.4   1.3   2.1
    30.000  8   39.02317717   -84.60590792    251.9224   2.4   1.3   2.1
    35.000  8   39.02318133   -84.60590470    251.6930   2.4   1.3   2.1
    40.000  8   39.02317656   -84.60590921    250.7303   2.4   1.3   2.1
    45.000  8   39.02318081   -84.60590522    251.0737   2.4   1.3   2.1
    50.000  8   39.02317966   -84.60590455    251.2577   2.4   1.3   2.1
    55.000  8   39.02318253   -84.60590777    251.7771   2.4   1.3   2.1
    60.000  8   39.02318148   -84.60590706    251.7994   2.4   1.3   2.1
    65.000  8   39.02317941   -84.60590634    251.1792   2.4   1.3   2.1
    70.000  8   39.02317829   -84.60590924    251.9824   2.4   1.3   2.1
    75.000  8   39.02317871   -84.60590628    251.9050   2.4   1.3   2.1
    80.000  8   39.02318090   -84.60590506    252.3077   2.4   1.3   2.1
    85.000  8   39.02318006   -84.60590683    252.5894   2.4   1.3   2.1
    90.000  8   39.02317937   -84.60590411    252.1483   2.4   1.3   2.1
    95.000  8   39.02318184   -84.60590784    252.6497   2.4   1.3   2.1
   100.000  8   39.02318175   -84.60590838    252.1988   2.4   1.3   2.1
   105.000  8   39.02318042   -84.60590560    252.2586   2.4   1.3   2.1
   110.000  8   39.02317968   -84.60590761    253.3259   2.4   1.3   2.1
   115.000  8   39.02317575   -84.60591732    249.5739   2.4   1.3   2.1
   120.000  8   39.02317536   -84.60591384    250.3465   2.4   1.3   2.1
   125.000  8   39.02317820   -84.60591157    251.2850   2.4   1.3   2.1
   130.000  8   39.02317771   -84.60591386    252.4188   2.4   1.3   2.1
   135.000  8   39.02317834   -84.60591262    252.1220   2.4   1.3   2.1
   140.000  8   39.02318171   -84.60591024    252.9436   2.4   1.3   2.1
   145.000  8   39.02317985   -84.60590802    253.1529   2.4   1.3   2.1
   150.000  8   39.02318095   -84.60590103    252.6306   2.4   1.3   2.1
   155.000  8   39.02317813   -84.60590464    252.0206   2.4   1.3   2.1
   160.000  8   39.02317927   -84.60590784    251.6866   2.4   1.3   2.1
   165.000  8   39.02317972   -84.60590560    252.0267   2.4   1.2   2.1
   170.000  8   39.02317879   -84.60590684    252.6648   2.4   1.2   2.1
   175.000  8   39.02317799   -84.60590430    252.4424   2.4   1.2   2.0
   180.000  8   39.02317786   -84.60591089    250.8284   2.4   1.2   2.0
   185.000  8   39.02317868   -84.60590364    250.8109   2.4   1.2   2.0
   190.000  8   39.02318017   -84.60590873    251.4822   2.4   1.2   2.0
   195.000  8   39.02318025   -84.60590824    252.0097   2.4   1.2   2.0
   200.000  8   39.02318122   -84.60590272    252.7302   2.4   1.2   2.0
   205.000  8   39.02318304   -84.60590324    254.2213   2.4   1.2   2.0
   210.000  8   39.02318056   -84.60590684    254.2442   2.4   1.2   2.0
   215.000  8   39.02318152   -84.60590550    254.2365   2.4   1.2   2.0
   220.000  8   39.02318130   -84.60590418    252.4502   2.4   1.2   2.0
   225.000  8   39.02317891   -84.60591012    251.3361   2.4   1.2   2.0
   230.000  8   39.02317967   -84.60590783    251.7869   2.4   1.2   2.0
   235.000  8   39.02317897   -84.60590262    251.2415   2.4   1.2   2.0
   240.000  8   39.02318086   -84.60590742    252.0880   2.4   1.2   2.0
   245.000  8   39.02317939   -84.60590891    251.7286   2.4   1.2   2.0
   250.000  8   39.02318178   -84.60590847    252.4475   2.4   1.2   2.0
   255.000  8   39.02318089   -84.60590738    253.2826   2.4   1.2   2.0
   260.000  8   39.02317942   -84.60590532    252.7231   2.4   1.2   2.0
   265.000  8   39.02318075   -84.60590963    251.9933   2.4   1.2   2.0
   270.000  8   39.02317793   -84.60590778    251.3794   2.4   1.2   2.0
   275.000  8   39.02318084   -84.60591009    251.3785   2.4   1.2   2.0
   280.000  8   39.02317748   -84.60590851    250.4080   2.4   1.2   2.0
   285.000  8   39.02317632   -84.60590788    250.7655   2.4   1.2   2.0
   290.000  8   39.02317606   -84.60591127    252.2859   2.4   1.2   2.0
   295.000  8   39.02317990   -84.60591304    252.4657   2.4   1.2   2.0
   300.000  8   39.02317708   -84.60591145    252.2402   2.4   1.2   2.0
   305.000  8   39.02318253   -84.60591102    253.3320   2.4   1.2   2.0
   310.000  8   39.02317877   -84.60590130    253.0801   2.4   1.2   2.0
   315.000  8   39.02317820   -84.60590338    253.1191   2.4   1.2   2.0
   320.000  8   39.02318337   -84.60590555    253.1263   2.4   1.2   2.0
   325.000  8   39.02317622   -84.60590313    251.7749   2.4   1.2   2.0
   330.000  8   39.02317444   -84.60590666    250.6235   2.4   1.2   2.0
   335.000  8   39.02317203   -84.60591000    249.3507   2.4   1.2   2.0
   340.000  8   39.02317198   -84.60591473    249.8257   2.4   1.2   2.0
   345.000  8   39.02317529   -84.60591295    250.0697   2.4   1.2   2.0
   350.000  8   39.02317465   -84.60590993    250.0454   2.4   1.2   2.0
   355.000  8   39.02317845   -84.60590605    251.2683   2.4   1.2   2.0
   360.000  8   39.02317498   -84.60590235    251.8185   2.4   1.2   2.0
   365.000  8   39.02317862   -84.60590086    252.6909   2.3   1.2   2.0
   370.000  8   39.02317473   -84.60590320    252.7627   2.3   1.2   2.0
   375.000  8   39.02317895   -84.60590119    252.9081   2.3   1.2   2.0
   380.000  8   39.02317133   -84.60590905    252.0075   2.3   1.2   2.0
   385.000  8   39.02317372   -84.60590541    252.2029   2.3   1.2   2.0
   390.000  8   39.02317555   -84.60591226    252.4345   2.3   1.2   2.0
   395.000  8   39.02317594   -84.60590592    251.6916   2.3   1.2   2.0
   400.000  8   39.02317806   -84.60590517    251.9123   2.3   1.2   2.0
   405.000  8   39.02317600   -84.60590404    251.7933   2.3   1.2   2.0
   410.000  8   39.02317715   -84.60590509    252.0557   2.3   1.2   2.0
   415.000  8   39.02318374   -84.60590657    253.1259   2.3   1.2   2.0
   420.000  8   39.02317891   -84.60590951    251.4917   2.3   1.2   2.0
   425.000  8   39.02318268   -84.60591404    251.0495   2.3   1.2   2.0
   430.000  8   39.02317775   -84.60591642    249.7648   2.3   1.2   2.0
   435.000  8   39.02318088   -84.60590915    249.9965   2.3   1.2   2.0
   440.000  8   39.02318245   -84.60590623    251.7110   2.3   1.2   2.0
   445.000  8   39.02318223   -84.60590782    252.0873   2.3   1.2   2.0
   450.000  8   39.02318028   -84.60590369    251.4868   2.3   1.2   2.0
   455.000  8   39.02317735   -84.60590590    251.7322   2.3   1.2   2.0
   460.000  8   39.02317807   -84.60590946    253.1864   2.3   1.2   2.0
   465.000  8   39.02317781   -84.60590970    252.3400   2.3   1.2   2.0
   470.000  8   39.02317409   -84.60591345    251.2458   2.3   1.2   2.0
   475.000  8   39.02318101   -84.60591628    251.4964   2.3   1.2   2.0
   480.000  8   39.02317951   -84.60591538    250.5854   2.3   1.2   2.0
   485.000  8   39.02318348   -84.60590364    250.3868   2.3   1.2   2.0
   490.000  8   39.02318225   -84.60590640    250.8506   2.3   1.2   2.0
   495.000  8   39.02318588   -84.60590418    251.5761   2.3   1.2   2.0
   500.000  8   39.02318093   -84.60590479    252.3955   2.3   1.2   2.0
   505.000  8   39.02317820   -84.60590698    252.4207   2.3   1.2   2.0
   510.000  8   39.02317714   -84.60590883    252.7023   2.3   1.2   2.0
   515.000  8   39.02317645   -84.60591266    251.8257   2.3   1.2   2.0
   520.000  8   39.02317425   -84.60591302    251.4464   2.3   1.2   2.0
   525.000  8   39.02317448   -84.60590839    252.0442   2.3   1.2   2.0
   530.000  8   39.02317533   -84.60590852    252.2482   2.3   1.2   2.0
   535.000  8   39.02317434   -84.60590322    251.5673   2.3   1.2   2.0
   540.000  8   39.02317507   -84.60590073    251.4060   2.3   1.2   2.0
   545.000  8   39.02317596   -84.60590888    252.7135   2.3   1.2   2.0
   550.000  8   39.02317755   -84.60590777    251.8216   2.3   1.2   2.0
   555.000  8   39.02317785   -84.60590606    251.4701   2.3   1.2   2.0
   560.000  8   39.02317654   -84.60590721    251.3700   2.3   1.2   2.0
   565.000  8   39.02317699   -84.60591617    251.7625   2.3   1.2   1.9
   570.000  8   39.02318000   -84.60591197    252.3095   2.3   1.2   1.9
   575.000  8   39.02318355   -84.60591296    252.8504   2.3   1.2   1.9
   580.000  8   39.02318403   -84.60590825    253.5093   2.3   1.2   1.9
   585.000  8   39.02318303   -84.60590885    253.5509   2.3   1.2   1.9
   590.000  8   39.02318078   -84.60590795    253.7605   2.3   1.2   1.9
   595.000  8   39.02318081   -84.60590951    253.9148   2.3   1.2   1.9
   600.000  8   39.02317708   -84.60590938    252.9456   2.3   1.2   1.9
   605.000  8   39.02317801   -84.60590467    252.4353   2.3   1.2   1.9
   610.000  8   39.02317458   -84.60590848    252.1291   2.3   1.2   1.9
   615.000  8   39.02317763   -84.60590677    252.8951   2.3   1.2   1.9
   620.000  8   39.02317628   -84.60590538    253.6829   2.3   1.2   1.9
   625.000  8   39.02317684   -84.60590388    252.9263   2.3   1.2   1.9
   630.000  8   39.02317441   -84.60590674    251.9998   2.3   1.2   1.9
   635.000  8   39.02317802   -84.60591105    251.7962   2.3   1.2   1.9
   640.000  8   39.02317606   -84.60591322    252.3703   2.3   1.2   1.9
   645.000  8   39.02317891   -84.60590974    251.4165   2.3   1.2   1.9
   650.000  8   39.02317702   -84.60591170    251.2047   2.3   1.2   1.9
   655.000  8   39.02317857   -84.60591103    251.8439   2.3   1.2   1.9
   660.000  8   39.02318115   -84.60591090    252.9317   2.3   1.2   1.9
   665.000  8   39.02318121   -84.60590805    252.9324   2.2   1.2   1.9
   670.000  8   39.02317929   -84.60590458    253.7675   2.2   1.2   1.9
   675.000  8   39.02317730   -84.60590701    253.6314   2.2   1.2   1.9
   680.000  8   39.02318072   -84.60590058    252.6984   2.2   1.2   1.9
   685.000  8   39.02318042   -84.60589771    251.9750   2.2   1.2   1.9
   690.000  8   39.02317866   -84.60590368    251.5985   2.2   1.2   1.9
   695.000  8   39.02317888   -84.60590144    251.9122   2.2   1.2   1.9
   700.000  8   39.02317596   -84.60590207    251.2096   2.2   1.2   1.9
   705.000  8   39.02317543   -84.60590897    252.5509   2.2   1.2   1.9
   710.000  8   39.02317277   -84.60591304    252.5014   2.2   1.2   1.9
   715.000  8   39.02317728   -84.60591585    252.9551   2.2   1.2   1.9
   720.000  8   39.02317629   -84.60590966    251.3022   2.2   1.2   1.9
   725.000  8   39.02317853   -84.60591448    251.4622   2.2   1.2   1.9
   730.000  8   39.02317878   -84.60591165    250.9662   2.2   1.2   1.9
   735.000  8   39.02317526   -84.60591245    250.9797   2.2   1.2   1.9
   740.000  8   39.02318080   -84.60590829    251.2781   2.2   1.2   1.9
   745.000  8   39.02318055   -84.60590587    251.1549   2.2   1.2   1.9
   750.000  8   39.02317985   -84.60590894    251.2077   2.2   1.2   1.9
   755.000  8   39.02317931   -84.60590664    251.6458   2.2   1.2   1.9
   760.000  8   39.02317969   -84.60590318    251.3602   2.2   1.2   1.9
   765.000  8   39.02318062   -84.60590580    252.1017   2.2   1.2   1.9
   770.000  8   39.02317945   -84.60590288    251.9088   2.2   1.2   1.9
   775.000  8   39.02317882   -84.60590804    252.1757   2.2   1.2   1.9
   780.000  8   39.02317822   -84.60590854    251.7768   2.2   1.2   1.9
   785.000  8   39.02317899   -84.60590846    252.2066   2.2   1.2   1.9
   790.000  8   39.02318042   -84.60590730    251.9947   2.2   1.2   1.9
   795.000  8   39.02317938   -84.60590551    252.0679   2.2   1.2   1.9
   800.000  8   39.02318021   -84.60590361    251.2724   2.2   1.2   1.9
   805.000  8   39.02318198   -84.60590045    250.9531   2.2   1.2   1.9
   810.000  8   39.02317829   -84.60589765    250.5060   2.2   1.2   1.9
   815.000  8   39.02318125   -84.60590350    251.6934   2.2   1.2   1.9
   820.000  8   39.02318079   -84.60590789    252.0138   2.2   1.2   1.9
   825.000  8   39.02317875   -84.60590761    252.1202   2.2   1.2   1.9
   830.000  8   39.02317553   -84.60590350    251.0170   2.2   1.2   1.9
   835.000  8   39.02318112   -84.60589943    252.3958   2.2   1.1   1.9
   840.000  8   39.02317532   -84.60590520    252.7268   2.2   1.1   1.9
   845.000  8   39.02317975   -84.60590450    252.7203   2.2   1.1   1.9
   850.000  8   39.02317875   -84.60590665    252.7212   2.2   1.1   1.9
   855.000  8   39.02317709   -84.60590700    251.8038   2.2   1.1   1.9
   860.000  8   39.02317890   -84.60591329    252.2168   2.2   1.1   1.9
   865.000  8   39.02317526   -84.60591212    250.6364   2.2   1.1   1.9
   870.000  8   39.02317675   -84.60590736    250.9264   2.2   1.1   1.8
   875.000  8   39.02317946   -84.60590549    251.4036   2.2   1.1   1.8
   880.000  8   39.02317703   -84.60590579    250.5999   2.2   1.1   1.8
   885.000  8   39.02317820   -84.60589988    251.3577   2.2   1.1   1.8
   890.000  8   39.02317834   -84.60590497    252.5581   2.2   1.1   1.8
   895.000  8   39.02317733   -84.60590581    252.9528   2.2   1.1   1.8
   900.000  8   39.02317840   -84.60590719    253.4279   2.2   1.1   1.8
   905.000  8   39.02317911   -84.60590434    252.7221   2.2   1.1   1.8
   910.000  8   39.02318129   -84.60590625    252.7783   2.2   1.1   1.8
   915.000  8   39.02317840   -84.60590884    251.9151   2.2   1.1   1.8
   920.000  8   39.02317818   -84.60591539    250.8653   2.2   1.1   1.8
   925.000  8   39.02317645   -84.60591371    250.9618   2.2   1.1   1.8
   930.000  8   39.02318098   -84.60591626    251.6563   2.2   1.1   1.8
   935.000  8   39.02318186   -84.60591344    251.3137   2.2   1.1   1.8
   940.000  8   39.02318324   -84.60591500    250.7522   2.1   1.1   1.8
   945.000  8   39.02318183   -84.60591354    251.1980   2.1   1.1   1.8
   950.000  8   39.02318169   -84.60590849    252.1412   2.1   1.1   1.8
   955.000  8   39.02317922   -84.60591428    252.2957   2.1   1.1   1.8
   960.000  8   39.02317791   -84.60591601    251.9467   2.1   1.1   1.8
   965.000  8   39.02318081   -84.60591320    252.2764   2.1   1.1   1.8
   970.000  8   39.02318014   -84.60590962    251.6876   2.1   1.1   1.8
   975.000  8   39.02317906   -84.60591269    251.5813   2.1   1.1   1.8
   980.000  8   39.02317858   -84.60591362    251.8791   2.1   1.1   1.8
   985.000  8   39.02317756   -84.60590844    252.6148   2.1   1.1   1.8
   990.000  8   39.02317879   -84.60590840    252.5895   2.1   1.1   1.8
   995.000  8   39.02317734   -84.60590611    252.7515   2.1   1.1   1.8
  1000.000  8   39.02317671   -84.60590130    251.8225   2.1   1.1   1.8
  1005.000  8   39.02317905   -84.60590625    253.0481   2.1   1.1   1.8
  1010.000  8   39.02317518   -84.60590838    252.1809   2.1   1.1   1.8
  1015.000  8   39.02317728   -84.60590557    252.0191   2.1   1.1   1.8
  1020.000  8   39.02317680   -84.60590794    253.0219   2.1   1.1   1.8
  1025.000  8   39.02317559   -84.60591090    252.6177   2.1   1.1   1.8
  1030.000  8   39.02317820   -84.60590410    251.5963   2.1   1.1   1.8
  1035.000  8   39.02317803   -84.60590981    251.6462   2.1   1.1   1.8
  1040.000  8   39.02318038   -84.60590674    250.8832   2.1   1.1   1.8
  1045.000  8   39.02318021   -84.60590759    251.6249   2.1   1.1   1.8
  1050.000  8   39.02318075   -84.60591032    251.1591   2.1   1.1   1.8
  1055.000  8   39.02317947   -84.60590909    251.3608   2.1   1.1   1.8
  1060.000  8   39.02318186   -84.60591056    251.7895   2.1   1.1   1.8
  1065.000  8   39.02318148   -84.60590947    252.1855   2.1   1.1   1.8
  1070.000  8   39.02318120   -84.60590453    252.6234   2.1   1.1   1.8
  1075.000  8   39.02318027   -84.60590862    252.7574   2.1   1.1   1.8
  1080.000  8   39.02317998   -84.60590785    252.8360   2.1   1.1   1.8
  1085.000  8   39.02318080   -84.60590845    252.3512   2.1   1.1   1.8
  1090.000  8   39.02317985   -84.60590626    251.8583   2.1   1.1   1.8
  1095.000  8   39.02317910   -84.60590786    251.6857   2.1   1.1   1.8
  1100.000  8   39.02318060   -84.60591509    252.6135   2.1   1.1   1.8
  1105.000  8   39.02318070   -84.60590770    252.1131   2.1   1.1   1.8
  1110.000  8   39.02318123   -84.60591024    252.0561   2.1   1.1   1.8
  1115.000  8   39.02318232   -84.60590836    251.6182   2.1   1.1   1.8
  1120.000  8   39.02317914   -84.60590506    251.7157   2.1   1.1   1.8
  1125.000  8   39.02318295   -84.60590369    252.5148   2.1   1.1   1.8
  1130.000  8   39.02318121   -84.60590197    253.3103   2.1   1.1   1.8
  1135.000  8   39.02317757   -84.60590369    252.0561   2.1   1.1   1.8
  1140.000  8   39.02317790   -84.60590599    251.9678   2.1   1.1   1.8
  1145.000  8   39.02317826   -84.60590381    251.3939   2.1   1.1   1.8
  1150.000  8   39.02317928   -84.60590216    250.6419   2.1   1.1   1.8
  1155.000  8   39.02317690   -84.60590809    251.5226   2.1   1.1   1.8
  1160.000  8   39.02317767   -84.60590903    251.2478   2.1   1.1   1.8
  1165.000  8   39.02317401   -84.60590941    251.1536   2.1   1.1   1.7
  1170.000  8   39.02317570   -84.60591040    252.6309   2.1   1.1   1.7
  1175.000  8   39.02317584   -84.60591686    253.5063   2.1   1.1   1.7
  1180.000  8   39.02317579   -84.60591545    252.6069   2.1   1.1   1.7
  1185.000  8   39.02317642   -84.60591488    252.5934   2.1   1.1   1.7
  1190.000  8   39.02317559   -84.60591106    252.6510   2.1   1.1   1.7
  1195.000  8   39.02318106   -84.60591267    252.1962   2.1   1.1   1.7
  1200.000  8   39.02318047   -84.60591025    251.8068   2.1   1.1   1.7
  1205.000  8   39.02318051   -84.60591450    251.3736   2.1   1.1   1.7
  1210.000  8   39.02317716   -84.60591158    251.4536   2.1   1.1   1.7
  1215.000  8   39.02317619   -84.60591177    250.4493   2.0   1.1   1.7
  1220.000  8   39.02318033   -84.60591585    251.7848   2.0   1.1   1.7
  1225.000  8   39.02317849   -84.60590884    251.5853   2.0   1.1   1.7
  1230.000  8   39.02317756   -84.60591219    252.1864   2.0   1.1   1.7
  1235.000  8   39.02317700   -84.60591063    251.9631   2.0   1.1   1.7
  1240.000  8   39.02318442   -84.60590957    252.7930   2.0   1.1   1.7
  1245.000  8   39.02317916   -84.60590883    252.4601   2.0   1.1   1.7
  1250.000  8   39.02317646   -84.60591178    252.8028   2.0   1.1   1.7
  1255.000  8   39.02317703   -84.60591005    252.7432   2.0   1.1   1.7
  1260.000  8   39.02317736   -84.60590962    252.5129   2.0   1.1   1.7
  1265.000  8   39.02318089   -84.60591403    252.9705   2.0   1.1   1.7
  1270.000  8   39.02318284   -84.60591733    252.9459   2.0   1.1   1.7
  1275.000  8   39.02318115   -84.60591567    251.4052   2.0   1.1   1.7
  1280.000  8   39.02318189   -84.60591905    251.4136   2.0   1.1   1.7
  1285.000  8   39.02318236   -84.60591837    250.7613   2.0   1.1   1.7
  1290.000  8   39.02318173   -84.60591242    250.2451   2.0   1.1   1.7
  1295.000  8   39.02318148   -84.60591201    250.9758   2.0   1.1   1.7
  1300.000  8   39.02317894   -84.60591634    250.9922   2.0   1.1   1.7
  1305.000  8   39.02317868   -84.60591027    251.6510   2.0   1.1   1.7
  1310.000  8   39.02317579   -84.60590658    251.9386   2.0   1.1   1.7
  1315.000  8   39.02317757   -84.60590523    252.0610   2.0   1.1   1.7
  1320.000  8   39.02317960   -84.60590369    251.9387   2.0   1.1   1.7
  1325.000  8   39.02318139   -84.60589968    252.3320   2.0   1.1   1.7
  1330.000  8   39.02317900   -84.60590344    252.9218   2.0   1.1   1.7
  1335.000  8   39.02317537   -84.60589813    252.0270   2.0   1.1   1.7
  1340.000  8   39.02317687   -84.60590465    252.1160   2.0   1.1   1.7
  1345.000  8   39.02318099   -84.60590443    252.2243   2.0   1.1   1.7
  1350.000  8   39.02317835   -84.60590179    251.9905   2.0   1.1   1.7
  1355.000  8   39.02318361   -84.60589908    252.3962   2.0   1.1   1.7
  1360.000  8   39.02318302   -84.60590261    252.7839   2.0   1.1   1.7
  1365.000  8   39.02318547   -84.60590597    252.5211   2.0   1.1   1.7
  1370.000  8   39.02318009   -84.60590070    251.4531   2.0   1.1   1.7
  1375.000  8   39.02318200   -84.60590485    252.5454   2.0   1.1   1.7
  1380.000  8   39.02317958   -84.60590576    252.2090   2.0   1.1   1.7
  1385.000  8   39.02318284   -84.60591014    252.9484   2.0   1.1   1.7
  1390.000  8   39.02318416   -84.60591200    252.4742   2.0   1.1   1.7
  1395.000  8   39.02318433   -84.60591013    253.0118   2.0   1.1   1.7
  1400.000  8   39.02318122   -84.60591502    252.6164   2.0   1.1   1.7
  1405.000  8   39.02318536   -84.60591381    252.1434   2.0   1.1   1.7
  1410.000  8   39.02318099   -84.60591790    251.8431   2.0   1.1   1.7
  1415.000  8   39.02318251   -84.60591317    252.3360   2.0   1.1   1.7
  1420.000  8   39.02318334   -84.60591080    252.7265   2.0   1.1   1.7
  1425.000  8   39.02318067   -84.60590705    252.1535   2.0   1.1   1.7
  1430.000  8   39.02318488   -84.60590681    252.9230   2.0   1.1   1.7
  1435.000  8   39.02318099   -84.60590869    252.2469   2.0   1.1   1.7
  1440.000  8   39.02317884   -84.60590647    251.2164   2.0   1.1   1.7
  1445.000  8   39.02317819   -84.60590943    251.5683   2.0   1.1   1.7
  1450.000  8   39.02317703   -84.60590721    252.3629   2.0   1.1   1.7
  1455.000  8   39.02317879   -84.60591021    252.8053   2.0   1.1   1.7
  1460.000  8   39.02317779   -84.60590257    251.6249   2.0   1.1   1.7
  1465.000  8   39.02317843   -84.60590195    251.8294   2.0   1.1   1.7
  1470.000  8   39.02318204   -84.60590248    253.5981   2.0   1.1   1.6
  1475.000  8   39.02318077   -84.60591353    253.3437   2.0   1.1   1.6
  1480.000  8   39.02317841   -84.60590982    252.9456   2.0   1.1   1.6
  1485.000  8   39.02318388   -84.60590795    252.1055   2.0   1.1   1.6
  1490.000  8   39.02318283   -84.60590145    252.1532   2.0   1.1   1.6
  1495.000  8   39.02318298   -84.60590863    252.4654   2.0   1.1   1.6
  1500.000  8   39.02318201   -84.60591536    252.9336   2.0   1.1   1.6
  1505.000  8   39.02318325   -84.60591581    252.6061   2.0   1.1   1.6
  1510.000  8   39.02318246   -84.60591539    252.3858   1.9   1.1   1.6
  1515.000  8   39.02318386   -84.60591216    253.0191   1.9   1.1   1.6
  1520.000  8   39.02318134   -84.60590955    252.8277   1.9   1.1   1.6
  1525.000  8   39.02317991   -84.60589981    251.7165   1.9   1.1   1.6
  1530.000  8   39.02318082   -84.60590029    252.6609   1.9   1.1   1.6
  1535.000  8   39.02317922   -84.60590460    252.2610   1.9   1.1   1.6
  1540.000  8   39.02317991   -84.60590668    252.1427   1.9   1.1   1.6
  1545.000  8   39.02317870   -84.60590879    251.9992   1.9   1.1   1.6
  1550.000  8   39.02318120   -84.60591280    252.1582   1.9   1.1   1.6
  1555.000  8   39.02318238   -84.60591444    251.6284   1.9   1.1   1.6
  1560.000  8   39.02318313   -84.60591464    250.9825   1.9   1.1   1.6
  1565.000  8   39.02318021   -84.60591042    251.6181   1.9   1.1   1.6
  1570.000  8   39.02318292   -84.60591245    251.8111   1.9   1.1   1.6
  1575.000  8   39.02318100   -84.60591096    252.2811   1.9   1.1   1.6
  1580.000  8   39.02318323   -84.60590607    251.6641   1.9   1.1   1.6
  1585.000  8   39.02318526   -84.60591760    251.5543   1.9   1.0   1.6
  1590.000  8   39.02318844   -84.60591383    251.9363   1.9   1.0   1.6
  1595.000  8   39.02318628   -84.60590917    252.1919   1.9   1.0   1.6
  1600.000  8   39.02318646   -84.60589938    252.4726   1.9   1.0   1.6
  1605.000  8   39.02318221   -84.60589972    252.2469   1.9   1.0   1.6
  1610.000  8   39.02318299   -84.60590018    250.6323   1.9   1.0   1.6
  1615.000  8   39.02318550   -84.60589849    252.0786   1.9   1.0   1.6
  1620.000  8   39.02318500   -84.60589928    251.8439   1.9   1.0   1.6
  1625.000  8   39.02318018   -84.60590528    252.1996   1.9   1.0   1.6
  1630.000  8   39.02318267   -84.60590843    252.2831   1.9   1.0   1.6
  1635.000  8   39.02318119   -84.60591260    252.3249   1.9   1.0   1.6
  1640.000  8   39.02318578   -84.60592234    251.8816   1.9   1.0   1.6
  1645.000  8   39.02318676   -84.60591972    252.1259   1.9   1.0   1.6
  1650.000  8   39.02318629   -84.60591629    251.9006   1.9   1.0   1.6
  1655.000  8   39.02318443   -84.60590942    251.3435   1.9   1.0   1.6
  1660.000  8   39.02318298   -84.60591161    251.3123   1.9   1.0   1.6
  1665.000  8   39.02317955   -84.60590890    251.9315   1.9   1.0   1.6
  1670.000  8   39.02318476   -84.60590450    252.6813   1.9   1.0   1.6
  1675.000  8   39.02318624   -84.60590430    253.6956   1.9   1.0   1.6
  1680.000  8   39.02318676   -84.60590171    253.2714   1.9   1.0   1.6
  1685.000  8   39.02318398   -84.60590165    254.2586   1.9   1.0   1.6
  1690.000  8   39.02317813   -84.60589858    253.3316   1.9   1.0   1.6
  1695.000  8   39.02318295   -84.60590460    254.0550   1.9   1.0   1.6
  1700.000  8   39.02318588   -84.60590864    253.2509   1.9   1.0   1.6
  1705.000  8   39.02318451   -84.60591077    252.8573   1.9   1.0   1.6
  1710.000  8   39.02318026   -84.60590624    252.9843   1.9   1.0   1.6
  1715.000  9   39.02318981   -84.60591342    254.2301   1.6   0.9   1.3
  1720.000  9   39.02318601   -84.60591081    252.7467   1.6   0.9   1.3
  1725.000  9   39.02319122   -84.60590553    253.2924   1.6   0.9   1.3
  1730.000  9   39.02318715   -84.60590851    252.5069   1.6   0.9   1.3
  1735.000  9   39.02319494   -84.60590868    253.8300   1.6   0.9   1.3
  1740.000  9   39.02318755   -84.60591073    253.1193   1.6   0.9   1.3
  1745.000  9   39.02318334   -84.60590599    252.6667   1.6   0.9   1.2
  1750.000  9   39.02318290   -84.60590349    253.0221   1.6   0.9   1.2
  1755.000  9   39.02318288   -84.60590279    252.9139   1.6   0.9   1.2
  1760.000  9   39.02318660   -84.60590679    254.1583   1.6   0.9   1.2
  1765.000  9   39.02318215   -84.60590880    253.1218   1.6   0.9   1.2
  1770.000  9   39.02318391   -84.60591000    254.6582   1.6   0.9   1.2
  1775.000  9   39.02318965   -84.60589822    255.6194   1.6   0.9   1.2
  1780.000  9   39.02318690   -84.60589737    254.9868   1.6   0.9   1.2
  1785.000  9   39.02318122   -84.60590065    253.8337   1.6   0.9   1.2
  1790.000  9   39.02318383   -84.60590153    254.1268   1.6   0.9   1.2
  1795.000  9   39.02318493   -84.60590702    254.0927   1.6   0.9   1.2
  1800.000  9   39.02318522   -84.60590416    253.0159   1.6   0.9   1.2
  1805.000  9   39.02318068   -84.60591275    251.8025   1.6   0.9   1.2
  1810.000  9   39.02318321   -84.60590713    252.8585   1.6   0.9   1.2
  1815.000  9   39.02318442   -84.60589710    254.3724   1.6   0.9   1.2
  1820.000  9   39.02318885   -84.60589806    253.9341   1.6   0.9   1.2
  1825.000  9   39.02318871   -84.60589633    254.2326   1.6   0.9   1.2
  1830.000  9   39.02319181   -84.60590700    254.5450   1.6   0.9   1.2
  1835.000  9   39.02318854   -84.60590382    255.4353   1.6   0.9   1.2
  1840.000  9   39.02318776   -84.60591187    254.7139   1.6   0.9   1.2
  1845.000  9   39.02318769   -84.60590696    254.6325   1.6   0.9   1.2
  1850.000  9   39.02318678   -84.60591529    254.0320   1.5   0.9   1.2
  1855.000  9   39.02318385   -84.60591876    252.8382   1.5   0.9   1.2
  1860.000  9   39.02318673   -84.60591137    253.3974   1.5   0.9   1.2
  1865.000  9   39.02318393   -84.60591069    252.6019   1.5   0.9   1.2
  1870.000  9   39.02318247   -84.60591170    251.8989   1.5   0.9   1.2
  1875.000  9   39.02317800   -84.60591484    250.4479   1.5   0.9   1.2
  1880.000  9   39.02318581   -84.60590324    253.7405   1.5   0.9   1.2
  1885.000  9   39.02318440   -84.60590601    254.1442   1.5   0.9   1.2
  1890.000  9   39.02318731   -84.60589932    252.8804   1.5   0.9   1.2
  1895.000  9   39.02318840   -84.60589499    251.8392   1.5   0.9   1.2
  1900.000  9   39.02318759   -84.60589740    253.3185   1.5   0.9   1.2
  1905.000  9   39.02319108   -84.60590384    253.2602   1.5   0.9   1.2
  1910.000  9   39.02318748   -84.60589906    253.0796   1.5   0.9   1.2
  1915.000  9   39.02318932   -84.60589391    252.6991   1.5   0.9   1.2
  1920.000  9   39.02318671   -84.60589890    253.9984   1.5   0.9   1.2
  1925.000  9   39.02318572   -84.60590244    254.5569   1.5   0.9   1.2
  1930.000  9   39.02318385   -84.60590275    253.8599   1.5   0.9   1.2
  1935.000  9   39.02318476   -84.60590356    253.6448   1.5   0.9   1.2
  1940.000  9   39.02318632   -84.60590705    254.2022   1.5   0.9   1.2
  1945.000  9   39.02318878   -84.60590780    254.3550   1.5   0.9   1.2
  1950.000  9   39.02318453   -84.60591385    252.5711   1.5   0.9   1.2
  1955.000  9   39.02318501   -84.60590882    252.3592   1.5   0.9   1.2
  1960.000  9   39.02318445   -84.60590427    253.0228   1.5   0.9   1.2
  1965.000  9   39.02318051   -84.60590794    252.4298   1.5   0.9   1.2
  1970.000  9   39.02317837   -84.60591539    251.0243   1.5   0.9   1.2
  1975.000  9   39.02317921   -84.60590292    251.1016   1.5   0.9   1.2
  1980.000  9   39.02318280   -84.60590222    252.5760   1.5   0.9   1.2
  1985.000  9   39.02319127   -84.60590141    253.2780   1.5   0.9   1.2
  1990.000  9   39.02319034   -84.60589478    252.3455   1.5   0.9   1.2
  1995.000  9   39.02319168   -84.60588832    253.3473   1.5   0.9   1.2
  2000.000  9   39.02318700   -84.60589824    253.4933   1.5   0.9   1.2
  2005.000  9   39.02318717   -84.60590497    252.4140   1.5   0.9   1.2
  2010.000  9   39.02318952   -84.60591203    254.2571   1.5   0.9   1.2
  2015.000  8   39.02319144   -84.60591387    253.2890   1.7   1.0   1.4
  2020.000  8   39.02318913   -84.60590866    253.3903   1.7   1.0   1.4
  2025.000  8   39.02318981   -84.60590599    254.5136   1.7   1.0   1.4
  2030.000  8   39.02318747   -84.60590319    254.1047   1.7   1.0   1.4
  2035.000  8   39.02318513   -84.60590500    253.0453   1.7   1.0   1.4
  2040.000  8   39.02318951   -84.60590147    253.5283   1.7   1.0   1.4
  2045.000  8   39.02318870   -84.60590373    252.5341   1.7   1.0   1.4
  2050.000  8   39.02318635   -84.60590113    251.3122   1.7   1.0   1.4
  2055.000  8   39.02318804   -84.60589578    251.7198   1.7   1.0   1.4
  2060.000  8   39.02318352   -84.60589225    251.9539   1.7   1.0   1.4
  2065.000  8   39.02318254   -84.60590120    252.0555   1.7   1.0   1.4
  2070.000  8   39.02318294   -84.60591127    250.5383   1.7   1.0   1.4
  2075.000  8   39.02318448   -84.60590807    251.2341   1.7   1.0   1.4
  2080.000  8   39.02318306   -84.60591337    250.7134   1.7   1.0   1.4
  2085.000  8   39.02318745   -84.60590635    253.4189   1.7   1.0   1.4
  2090.000  8   39.02319205   -84.60590248    254.8320   1.7   1.0   1.4
  2095.000  8   39.02319088   -84.60589728    254.3178   1.7   1.0   1.4
  2100.000  8   39.02319445   -84.60588914    254.6857   1.7   1.0   1.4
  2105.000  8   39.02318965   -84.60589527    253.6939   1.7   1.0   1.4
  2110.000  8   39.02319064   -84.60590425    252.5769   1.7   1.0   1.4
  2115.000  8   39.02318740   -84.60590879    252.7645   1.7   1.0   1.4
  2120.000  8   39.02318792   -84.60591098    252.3035   1.7   1.0   1.4
  2125.000  8   39.02318384   -84.60590701    252.3885   1.7   1.0   1.4
  2130.000  8   39.02319081   -84.60590119    252.9846   1.7   1.0   1.4
  2135.000  8   39.02318819   -84.60589848    252.7654   1.7   1.0   1.4
  2140.000  8   39.02318948   -84.60590258    253.7429   1.7   1.0   1.4
  2145.000  9   39.02319549   -84.60591395    254.8310   1.5   0.8   1.2
  2150.000  9   39.02319762   -84.60590652    255.5194   1.5   0.8   1.2
  2155.000  9   39.02319848   -84.60590988    255.8827   1.5   0.8   1.2
  2160.000  9   39.02319497   -84.60590744    255.3589   1.5   0.8   1.2
  2165.000  9   39.02319034   -84.60590476    255.8136   1.5   0.8   1.2
  2170.000  9   39.02319664   -84.60590807    256.3482   1.5   0.8   1.2
  2175.000  9   39.02318918   -84.60590777    257.1332   1.5   0.8   1.2
  2180.000  9   39.02318917   -84.60590419    256.3372   1.5   0.8   1.2
  2185.000  9   39.02319601   -84.60590409    255.4839   1.5   0.8   1.2
  2190.000  9   39.02319856   -84.60590413    255.8955   1.5   0.8   1.2
  2195.000  9   39.02320077   -84.60590067    255.3384   1.5   0.8   1.2
  2200.000  9   39.02319811   -84.60590187    255.6431   1.5   0.8   1.2
  2205.000  9   39.02319517   -84.60590476    255.2677   1.5   0.8   1.2
  2210.000  9   39.02319572   -84.60590387    253.6619   1.5   0.8   1.2
  2215.000  9   39.02319627   -84.60590856    253.3565   1.5   0.8   1.2
  2220.000  9   39.02319688   -84.60590889    253.9690   1.5   0.8   1.2
  2225.000  9   39.02320107   -84.60591014    253.8700   1.5   0.8   1.2
  2230.000  9   39.02320186   -84.60591153    255.0089   1.5   0.8   1.2
  2235.000  9   39.02319815   -84.60590724    254.6728   1.5   0.8   1.2
  2240.000  9   39.02319502   -84.60590316    255.2834   1.5   0.8   1.2
  2245.000  9   39.02319445   -84.60590655    255.3674   1.5   0.8   1.2
  2250.000  9   39.02319644   -84.60590736    254.9526   1.5   0.8   1.2
  2255.000  9   39.02320086   -84.60590900    254.6088   1.5   0.8   1.2
  2260.000  9   39.02319893   -84.60590456    254.6116   1.5   0.8   1.2
  2265.000  9   39.02319992   -84.60591026    255.0857   1.5   0.8   1.2
  2270.000  9   39.02319667   -84.60590985    254.9290   1.5   0.8   1.2
  2275.000  9   39.02319686   -84.60590489    255.5522   1.5   0.8   1.2
  2280.000  9   39.02319675   -84.60590957    255.8760   1.5   0.8   1.2
  2285.000  9   39.02319062   -84.60590668    255.5149   1.5   0.8   1.2
  2290.000  9   39.02319815   -84.60590770    253.7548   1.5   0.8   1.2
  2295.000  9   39.02319863   -84.60590897    254.6732   1.5   0.8   1.2
  2300.000  9   39.02319717   -84.60590974    254.7785   1.5   0.8   1.2
  2305.000  9   39.02319603   -84.60590764    255.5958   1.5   0.8   1.2
  2310.000  9   39.02319830   -84.60591013    254.7321   1.5   0.8   1.2
  2315.000  9   39.02319528   -84.60591149    254.7440   1.5   0.8   1.2
  2320.000  9   39.02319248   -84.60591045    255.2998   1.5   0.8   1.2
  2325.000  9   39.02319267   -84.60591044    254.8855   1.5   0.8   1.2
  2330.000  9   39.02319359   -84.60590720    254.1664   1.5   0.8   1.2
  2335.000  9   39.02319311   -84.60590873    254.5085   1.5   0.8   1.2
  2340.000  9   39.02319578   -84.60590750    254.3391   1.5   0.8   1.2
  2345.000  9   39.02319142   -84.60591161    255.8421   1.5   0.8   1.2
  2350.000  9   39.02319548   -84.60591200    255.5769   1.5   0.8   1.2
  2355.000  9   39.02320191   -84.60590147    255.1760   1.5   0.8   1.2
  2360.000  9   39.02319728   -84.60590480    254.9674   1.5   0.8   1.2
  2365.000  9   39.02319229   -84.60590681    254.6356   1.5   0.8   1.2
  2370.000  9   39.02319415   -84.60590403    255.2302   1.5   0.8   1.2
  2375.000  9   39.02319553   -84.60590494    254.7372   1.5   0.8   1.2
  2380.000  9   39.02319643   -84.60590934    254.6900   1.5   0.8   1.2
  2385.000  9   39.02319604   -84.60590921    255.1893   1.5   0.8   1.2
  2390.000  9   39.02319138   -84.60590886    255.2993   1.5   0.8   1.2
  2395.000  9   39.02319344   -84.60590842    254.9891   1.5   0.8   1.2
  2400.000  9   39.02319089   -84.60590694    254.6469   1.5   0.8   1.2
  2405.000  9   39.02319177   -84.60590237    253.2105   1.5   0.8   1.2
  2410.000  9   39.02319718   -84.60590362    253.3119   1.5   0.8   1.2
  2415.000  9   39.02319230   -84.60590104    254.4277   1.5   0.8   1.2
  2420.000  9   39.02319307   -84.60590454    254.3664   1.5   0.8   1.2
  2425.000  9   39.02319357   -84.60590382    254.3375   1.5   0.8   1.2
  2430.000  9   39.02319481   -84.60590818    254.1485   1.5   0.8   1.2
  2435.000  9   39.02319410   -84.60590815    254.2581   1.5   0.8   1.2
  2440.000  9   39.02320017   -84.60591203    254.6040   1.5   0.8   1.2
  2445.000  9   39.02319732   -84.60591531    255.0020   1.5   0.8   1.2
  2450.000  9   39.02319805   -84.60590997    255.3544   1.5   0.8   1.2
  2455.000  9   39.02319406   -84.60590466    255.7616   1.5   0.8   1.2
  2460.000  9   39.02319681   -84.60591045    255.3880   1.5   0.8   1.2
  2465.000  9   39.02320227   -84.60590067    254.3039   1.5   0.8   1.2
  2470.000  9   39.02319930   -84.60589992    254.3190   1.5   0.8   1.2
  2475.000  9   39.02320188   -84.60590215    254.6123   1.5   0.8   1.2
  2480.000  9   39.02319711   -84.60590642    255.5072   1.5   0.8   1.2
  2485.000  9   39.02320059   -84.60590605    255.0568   1.5   0.8   1.2
  2490.000  9   39.02320016   -84.60590771    254.5630   1.5   0.8   1.2
  2495.000  9   39.02320151   -84.60591021    254.5963   1.5   0.8   1.2
  2500.000  9   39.02319807   -84.60591297    254.7762   1.5   0.8   1.2
  2505.000  9   39.02319975   -84.60591067    255.0215   1.5   0.8   1.2
  2510.000  9   39.02320032   -84.60590642    255.0033   1.5   0.8   1.2
  2515.000  9   39.02319401   -84.60590998    255.9119   1.5   0.8   1.2
  2520.000  9   39.02319827   -84.60591104    255.3611   1.5   0.8   1.2
  2525.000  9   39.02319331   -84.60591106    255.9580   1.5   0.8   1.2
  2530.000  9   39.02319997   -84.60591332    254.7963   1.5   0.8   1.2
  2535.000  9   39.02319925   -84.60590746    253.7608   1.5   0.8   1.2
  2540.000  9   39.02319970   -84.60591183    253.7359   1.5   0.8   1.2
  2545.000  9   39.02319937   -84.60591501    254.4031   1.5   0.8   1.2
  2550.000  9   39.02319964   -84.60591148    254.6551   1.5   0.8   1.2
  2555.000  9   39.02319924   -84.60590975    254.4733   1.5   0.8   1.2
  2560.000  9   39.02319594   -84.60591047    254.4182   1.5   0.8   1.2
  2565.000  9   39.02319390   -84.60591119    255.1986   1.5   0.8   1.2
  2570.000  9   39.02319671   -84.60590863    254.0461   1.5   0.8   1.2
  2575.000  9   39.02319648   -84.60590840    254.2174   1.5   0.8   1.2
  2580.000  9   39.02319418   -84.60590714    254.8231   1.5   0.8   1.2
  2585.000  9   39.02319228   -84.60590853    254.4202   1.5   0.8   1.2
  2590.000  9   39.02319524   -84.60590429    253.3290   1.5   0.8   1.2
  2595.000  9   39.02319924   -84.60590680    253.4588   1.5   0.8   1.2
  2600.000  9   39.02319755   -84.60590701    254.2076   1.5   0.8   1.2
  2605.000  9   39.02318983   -84.60590425    253.8744   1.5   0.8   1.2
  2610.000  9   39.02318923   -84.60590560    253.2576   1.5   0.8   1.2
  2615.000  9   39.02319542   -84.60590868    253.5403   1.5   0.8   1.2
  2620.000  9   39.02320018   -84.60590306    252.8324   1.5   0.8   1.2
  2625.000  9   39.02319554   -84.60590482    254.6467   1.5   0.8   1.2
  2630.000  9   39.02319516   -84.60590956    254.8189   1.5   0.8   1.2
  2635.000  9   39.02319855   -84.60591046    254.7050   1.5   0.8   1.2
  2640.000  9   39.02319342   -84.60590845    253.9728   1.5   0.8   1.2
  2645.000  9   39.02319706   -84.60590814    254.2097   1.5   0.8   1.2
  2650.000  9   39.02319480   -84.60590933    253.3943   1.5   0.8   1.2
  2655.000  9   39.02319433   -84.60590342    253.9583   1.5   0.8   1.2
  2660.000  9   39.02319558   -84.60590871    253.7686   1.5   0.8   1.2
  2665.000  9   39.02319890   -84.60591280    253.1440   1.5   0.8   1.2
  2670.000  9   39.02320102   -84.60590951    253.1815   1.5   0.8   1.2
  2675.000  9   39.02320010   -84.60590639    253.5156   1.5   0.8   1.2
  2680.000  9   39.02319801   -84.60590473    253.7941   1.5   0.8   1.2
  2685.000  9   39.02319928   -84.60590143    253.3175   1.5   0.8   1.2
  2690.000  9   39.02319569   -84.60590118    254.5290   1.5   0.8   1.2
  2695.000  9   39.02319201   -84.60590725    255.1965   1.5   0.8   1.2
  2700.000  9   39.02319171   -84.60591056    255.4128   1.5   0.8   1.2
  2705.000  9   39.02319230   -84.60591221    254.7252   1.5   0.8   1.2
  2710.000  9   39.02319982   -84.60591259    253.9806   1.5   0.8   1.2
  2715.000  9   39.02319898   -84.60590846    254.4312   1.5   0.8   1.2
  2720.000  9   39.02320153   -84.60590825    254.7372   1.5   0.8   1.2
  2725.000  9   39.02319516   -84.60590518    254.6964   1.5   0.8   1.2
  2730.000  9   39.02319906   -84.60590642    254.2521   1.5   0.8   1.2
  2735.000  9   39.02320189   -84.60591284    255.0189   1.5   0.8   1.2
  2740.000  9   39.02320134   -84.60591885    254.8661   1.5   0.8   1.2
  2745.000  9   39.02320080   -84.60591926    254.9558   1.5   0.8   1.2
  2750.000  9   39.02320001   -84.60590937    256.0590   1.5   0.8   1.2
  2755.000  9   39.02320079   -84.60590629    255.3118   1.5   0.8   1.2
  2760.000  9   39.02319645   -84.60590121    255.8122   1.5   0.8   1.2
  2765.000  9   39.02319455   -84.60589910    255.1556   1.5   0.8   1.2
  2770.000  9   39.02319708   -84.60589439    253.8934   1.5   0.8   1.2
  2775.000  9   39.02319198   -84.60589532    254.1617   1.5   0.8   1.2
  2780.000  9   39.02318629   -84.60590020    254.0387   1.5   0.8   1.2
  2785.000  9   39.02319405   -84.60589564    254.3182   1.5   0.8   1.2
  2790.000  9   39.02319109   -84.60590099    255.3224   1.5   0.8   1.2
  2795.000  9   39.02319527   -84.60590507    255.0434   1.5   0.8   1.2
  2800.000  9   39.02319206   -84.60589756    253.5660   1.5   0.8   1.2
  2805.000  9   39.02319105   -84.60589698    253.5657   1.5   0.8   1.2
  2810.000  9   39.02319409   -84.60590046    254.1127   1.5   0.8   1.2
  2815.000  9   39.02319504   -84.60590266    254.3133   1.5   0.8   1.2
  2820.000  9   39.02319106   -84.60590312    254.7623   1.5   0.8   1.2
  2825.000  9   39.02319139   -84.60590496    254.5787   1.5   0.8   1.2
  2830.000  9   39.02319185   -84.60589905    254.1568   1.5   0.8   1.2
  2835.000  9   39.02319155   -84.60589540    254.2235   1.5   0.8   1.2
  2840.000  9   39.02319500   -84.60589594    253.9192   1.5   0.8   1.2
  2845.000  9   39.02319083   -84.60590495    254.4990   1.5   0.8   1.2
  2850.000  9   39.02319424   -84.60590962    254.8957   1.5   0.8   1.2
  2855.000  9   39.02319415   -84.60590996    254.8566   1.5   0.8   1.2
  2860.000  9   39.02319570   -84.60590901    253.5208   1.5   0.8   1.2
  2865.000  9   39.02320192   -84.60591200    253.8940   1.5   0.8   1.2
  2870.000  9   39.02320202   -84.60591162    254.0486   1.5   0.8   1.2
  2875.000  9   39.02320082   -84.60591845    254.3434   1.5   0.8   1.2
  2880.000  9   39.02319388   -84.60591466    254.8130   1.5   0.8   1.2
  2885.000  9   39.02319620   -84.60590875    254.9786   1.5   0.8   1.2
  2890.000  9   39.02319741   -84.60590645    254.7060   1.5   0.8   1.2
  2895.000  9   39.02319588   -84.60590041    254.2209   1.5   0.8   1.2
  2900.000  9   39.02319371   -84.60589945    253.8408   1.5   0.8   1.2
  2905.000  9   39.02319578   -84.60590066    253.4268   1.5   0.8   1.2
  2910.000  9   39.02319224   -84.60590715    253.8929   1.5   0.8   1.2
  2915.000  9   39.02319526   -84.60590612    253.6862   1.5   0.8   1.2
  2920.000  9   39.02319996   -84.60590401    253.7338   1.5   0.8   1.2
  2925.000  9   39.02319561   -84.60590753    253.7755   1.5   0.8   1.2
  2930.000  9   39.02319360   -84.60590159    254.0728   1.5   0.8   1.2
  2935.000  9   39.02319693   -84.60589899    252.9087   1.5   0.8   1.2
  2940.000  9   39.02319772   -84.60589808    253.0875   1.5   0.8   1.3
  2945.000  9   39.02319646   -84.60589917    253.4736   1.5   0.8   1.3
  2950.000  9   39.02319443   -84.60590416    254.8228   1.5   0.8   1.3
  2955.000  9   39.02320146   -84.60590084    254.4339   1.5   0.8   1.3
  2960.000  9   39.02319515   -84.60589700    254.5799   1.5   0.8   1.3
  2965.000  9   39.02319349   -84.60590044    255.4146   1.5   0.8   1.3
  2970.000  9   39.02319355   -84.60590619    254.8731   1.5   0.8   1.3
  2975.000  9   39.02319488   -84.60590955    254.5531   1.5   0.8   1.3
  2980.000  9   39.02319395   -84.60590494    253.7209   1.5   0.8   1.3
  2985.000  9   39.02319079   -84.60590652    253.5979   1.5   0.8   1.3
  2990.000  9   39.02319511   -84.60590599    254.0878   1.5   0.8   1.3
  2995.000  9   39.02319084   -84.60590831    255.0933   1.5   0.8   1.3
  3000.000  9   39.02319317   -84.60590583    254.2408   1.5   0.8   1.3
  3005.000  9   39.02319095   -84.60590030    254.5465   1.5   0.8   1.3
  3010.000  9   39.02319339   -84.60590399    254.0452   1.5   0.8   1.3
  3015.000  9   39.02319510   -84.60590389    254.0284   1.5   0.8   1.3
  3020.000  9   39.02319863   -84.60590258    253.9896   1.5   0.8   1.3
  3025.000  9   39.02319584   -84.60590464    254.4308   1.5   0.8   1.3
  3030.000  9   39.02319406   -84.60590215    254.2916   1.5   0.8   1.3
  3035.000  9   39.02319584   -84.60590654    254.6811   1.5   0.8   1.3
  3040.000  9   39.02319529   -84.60590509    254.1961   1.5   0.8   1.3
  3045.000  9   39.02319745   -84.60590946    254.1485   1.5   0.8   1.3
  3050.000  9   39.02319708   -84.60590937    254.0001   1.5   0.8   1.3
  3055.000  9   39.02319695   -84.60590782    254.0575   1.5   0.8   1.3
  3060.000  9   39.02320370   -84.60590892    253.8815   1.5   0.8   1.3
  3065.000  9   39.02319696   -84.60591447    254.3944   1.5   0.8   1.3
  3070.000  9   39.02319883   -84.60590751    254.1994   1.5   0.8   1.3
  3075.000  9   39.02319790   -84.60590397    253.9893   1.5   0.8   1.3
  3080.000  9   39.02319610   -84.60590204    254.2203   1.5   0.8   1.3
  3085.000  9   39.02319646   -84.60590296    254.1045   1.5   0.8   1.3
  3090.000  9   39.02319254   -84.60590331    255.0822   1.5   0.8   1.3
  3095.000  9   39.02318975   -84.60590960    255.1469   1.5   0.8   1.3
  3100.000  9   39.02319199   -84.60591009    254.2317   1.5   0.8   1.3
  3105.000  9   39.02319497   -84.60590656    253.7271   1.5   0.8   1.3
  3110.000  9   39.02319661   -84.60590563    253.4880   1.5   0.8   1.3
  3115.000  9   39.02319421   -84.60590512    254.1005   1.5   0.8   1.3
  3120.000  9   39.02319701   -84.60590542    254.1107   1.5   0.8   1.3
  3125.000  9   39.02319987   -84.60590794    254.2565   1.5   0.8   1.3
  3130.000  9   39.02319688   -84.60590572    254.3487   1.5   0.8   1.3
  3135.000  9   39.02319806   -84.60590343    254.4817   1.5   0.8   1.3
  3140.000  9   39.02319646   -84.60590496    255.1418   1.5   0.8   1.3
  3145.000  9   39.02319721   -84.60590876    254.9127   1.5   0.8   1.3
  3150.000  9   39.02319487   -84.60590605    254.5971   1.5   0.8   1.3
  3155.000  9   39.02319861   -84.60590112    253.8027   1.5   0.8   1.3
  3160.000  9   39.02319735   -84.60590759    253.7550   1.5   0.8   1.3
  3165.000  9   39.02319485   -84.60590863    252.9810   1.5   0.8   1.3
  3170.000  9   39.02319940   -84.60591067    253.9723   1.5   0.8   1.3
  3175.000  9   39.02319708   -84.60590880    253.7173   1.5   0.8   1.3
  3180.000  9   39.02319675   -84.60590981    252.8986   1.5   0.8   1.3
  3185.000  9   39.02319986   -84.60591077    253.2744   1.5   0.8   1.3
  3190.000  9   39.02319968   -84.60590637    253.8954   1.5   0.8   1.3
  3195.000  9   39.02319523   -84.60590677    253.6864   1.5   0.8   1.3
  3200.000  9   39.02319969   -84.60591282    253.2802   1.5   0.8   1.3
  3205.000  9   39.02319889   -84.60590931    253.8647   1.5   0.8   1.3
  3210.000  9   39.02319786   -84.60590710    253.4315   1.5   0.8   1.3
  3215.000  9   39.02319476   -84.60590419    254.2144   1.5   0.8   1.3
  3220.000  9   39.02319361   -84.60590471    254.5699   1.5   0.8   1.3
  3225.000  9   39.02319536   -84.60590514    254.6908   1.5   0.8   1.3
  3230.000  9   39.02319351   -84.60590173    255.0810   1.5   0.8   1.3
  3235.000  9   39.02319206   -84.60590375    255.5912   1.5   0.8   1.3
  3240.000  9   39.02319337   -84.60590332    255.3024   1.5   0.8   1.3
  3245.000  9   39.02319850   -84.60591033    254.6220   1.5   0.8   1.3
  3250.000  9   39.02320245   -84.60591309    253.1503   1.5   0.8   1.3
  3255.000  9   39.02320343   -84.60591020    252.7179   1.5   0.8   1.3
  3260.000  9   39.02320379   -84.60590916    252.3654   1.5   0.8   1.3
  3265.000  9   39.02319820   -84.60590464    253.0087   1.5   0.8   1.3
  3270.000  9   39.02320032   -84.60590668    252.3987   1.5   0.8   1.3
  3275.000  9   39.02319502   -84.60590849    252.8771   1.5   0.8   1.3
  3280.000  9   39.02319432   -84.60590916    253.9199   1.5   0.8   1.3
  3285.000  9   39.02319931   -84.60591215    254.4647   1.5   0.8   1.3
  3290.000  9   39.02319683   -84.60591233    254.5966   1.5   0.8   1.3
  3295.000  9   39.02319549   -84.60591070    254.8754   1.5   0.8   1.3
  3300.000  9   39.02319413   -84.60591098    254.3639   1.5   0.8   1.3
  3305.000  9   39.02319300   -84.60590669    253.9650   1.5   0.8   1.3
  3310.000  9   39.02319046   -84.60590271    253.8043   1.5   0.8   1.3
  3315.000  9   39.02319362   -84.60589947    253.5650   1.5   0.8   1.3
  3320.000  9   39.02319222   -84.60589939    252.4924   1.5   0.8   1.3
  3325.000  9   39.02319557   -84.60589251    252.1601   1.5   0.8   1.3
  3330.000  9   39.02319198   -84.60590506    252.5428   1.5   0.8   1.3
  3335.000  9   39.02319512   -84.60590214    252.8818   1.5   0.8   1.3
  3340.000  9   39.02319760   -84.60590239    253.8299   1.5   0.8   1.3
  3345.000  9   39.02319727   -84.60590658    254.1519   1.5   0.8   1.3
  3350.000  9   39.02319537   -84.60590740    255.1501   1.5   0.8   1.3
  3355.000  9   39.02319638   -84.60590160    254.8383   1.5   0.8   1.3
  3360.000  9   39.02319485   -84.60590186    254.4049   1.5   0.8   1.3
  3365.000  9   39.02319837   -84.60590310    253.2943   1.5   0.8   1.3
  3370.000  8   39.02319532   -84.60591342    255.2266   2.1   1.1   1.8
  3375.000  8   39.02319644   -84.60591486    254.2900   2.1   1.1   1.8
  3380.000  8   39.02319732   -84.60591218    254.4946   2.1   1.1   1.8
  3385.000  8   39.02319130   -84.60590872    254.1076   2.1   1.1   1.8
  3390.000  8   39.02319408   -84.60591028    253.5687   2.1   1.1   1.8
  3395.000  8   39.02319724   -84.60591133    253.6980   2.1   1.1   1.8
  3400.000  8   39.02319677   -84.60590775    254.3013   2.1   1.1   1.8
  3405.000  8   39.02319654   -84.60590883    254.2046   2.1   1.1   1.8
  3410.000  8   39.02319472   -84.60590570    254.9249   2.1   1.1   1.8
  3415.000  8   39.02319265   -84.60590563    256.0020   2.1   1.1   1.8
  3420.000  8   39.02319491   -84.60590873    256.3566   2.1   1.1   1.8
  3425.000  8   39.02319697   -84.60591323    256.2761   2.1   1.1   1.8
  3430.000  8   39.02319688   -84.60591311    256.0155   2.1   1.1   1.8
  3435.000  8   39.02319749   -84.60590724    255.5822   2.1   1.1   1.8
  3440.000  8   39.02319927   -84.60591436    255.3859   2.1   1.1   1.8
  3445.000  8   39.02319639   -84.60591437    254.6551   2.1   1.1   1.8
  3450.000  8   39.02320036   -84.60591643    254.3772   2.1   1.1   1.8
  3455.000  8   39.02319940   -84.60591864    254.8464   2.1   1.1   1.8
  3460.000  8   39.02319626   -84.60592032    255.8562   2.1   1.1   1.8
  3465.000  8   39.02319549   -84.60591380    255.1980   2.1   1.1   1.8
  3470.000  8   39.02319207   -84.60591091    255.4414   2.1   1.1   1.8
  3475.000  8   39.02319067   -84.60590783    255.5582   2.1   1.1   1.8
  3480.000  8   39.02318671   -84.60590586    256.3877   2.1   1.1   1.8
  3485.000  8   39.02319243   -84.60590626    255.6600   2.1   1.1   1.8
  3490.000  8   39.02319583   -84.60590536    254.1779   2.1   1.1   1.8
  3495.000  8   39.02319830   -84.60590677    253.7281   2.1   1.1   1.8
  3500.000  8   39.02319433   -84.60590812    254.2461   2.1   1.1   1.8
  3505.000  8   39.02319596   -84.60591247    254.4346   2.1   1.1   1.8
  3510.000  8   39.02319371   -84.60591281    254.9358   2.1   1.1   1.8
  3515.000  8   39.02319493   -84.60591316    254.3835   2.1   1.1   1.8
  3520.000  8   39.02319657   -84.60590809    253.7377   2.1   1.1   1.8
  3525.000  8   39.02319475   -84.60591123    254.3179   2.1   1.1   1.8
  3530.000  8   39.02319750   -84.60590973    253.7505   2.1   1.1   1.8
  3535.000  8   39.02319043   -84.60590778    253.6998   2.1   1.1   1.8
  3540.000  8   39.02319145   -84.60590734    254.5318   2.1   1.1   1.8
  3545.000  8   39.02319476   -84.60590512    254.9530   2.1   1.1   1.8
  3550.000  8   39.02319344   -84.60590727    255.7903   2.1   1.1   1.8
  3555.000  8   39.02319077   -84.60590371    254.8635   2.1   1.1   1.8
  3560.000  8   39.02319444   -84.60590541    255.2620   2.1   1.1   1.8
  3565.000  8   39.02319604   -84.60590589    255.0354   2.1   1.1   1.8
  3570.000  8   39.02319288   -84.60590374    255.0803   2.1   1.1   1.8
  3575.000  8   39.02319236   -84.60589702    254.7009   2.1   1.1   1.8
  3580.000  8   39.02319535   -84.60589944    254.8224   2.1   1.1   1.8
  3585.000  8   39.02319497   -84.60590569    254.4073   2.1   1.1   1.8
  3590.000  8   39.02319804   -84.60591329    254.7425   2.1   1.1   1.8
  3595.000  8   39.02320029   -84.60591857    254.5756   2.1   1.1   1.8
