      0.0  -0.0037 25.74 30
      0.0   0.0038 37.09  6
      0.0  -0.0019 55.58 24
      0.0   0.0047 25.53 29
      0.0  -0.0120 16.83  5
      0.0   0.0033 13.92 26
      0.0   0.0011 13.69  4
      0.0  -0.0048 51.28  2
      5.0  -0.0015 25.72 30
      5.0   0.0093 37.12  6
      5.0   0.0041 55.56 24
      5.0   0.0066 25.56 29
      5.0  -0.0055 16.80  5
      5.0   0.0044 13.96 26
      5.0   0.0065 13.67  4
      5.0  -0.0008 51.26  2
     10.0  -0.0079 25.70 30
     10.0   0.0078 37.15  6
     10.0  -0.0022 55.54 24
     10.0   0.0083 25.60 29
     10.0  -0.0099 16.77  5
     10.0   0.0028 13.99 26
     10.0   0.0010 13.64  4
     10.0  -0.0038 51.23  2
     15.0  -0.0078 25.68 30
     15.0   0.0084 37.18  6
     15.0   0.0000 55.51 24
     15.0   0.0017 25.64 29
     15.0  -0.0105 16.74  5
     15.0   0.0004 14.03 26
     15.0   0.0008 13.62  4
     15.0  -0.0026 51.20  2
     20.0  -0.0064 25.67 30
     20.0   0.0089 37.21  6
     20.0  -0.0004 55.49 24
     20.0   0.0029 25.68 29
     20.0  -0.0045 16.72  5
     20.0   0.0034 14.06 26
     20.0   0.0082 13.59  4
     20.0  -0.0035 51.18  2
     25.0  -0.0062 25.65 30
     25.0   0.0070 37.25  6
     25.0  -0.0018 55.47 24
     25.0  -0.0034 25.71 29
     25.0  -0.0066 16.69  5
     25.0  -0.0010 14.10 26
     25.0   0.0024 13.57  4
     25.0  -0.0048 51.15  2
     30.0  -0.0017 25.63 30
     30.0   0.0051 37.28  6
     30.0  -0.0005 55.44 24
     30.0   0.0006 25.75 29
     30.0  -0.0034 16.66  5
     30.0  -0.0088 14.14 26
     30.0   0.0045 13.54  4
     30.0  -0.0037 51.12  2
     35.0  -0.0031 25.61 30
     35.0   0.0039 37.31  6
     35.0  -0.0016 55.42 24
     35.0   0.0016 25.79 29
     35.0  -0.0080 16.63  5
     35.0  -0.0064 14.17 26
     35.0   0.0083 13.52  4
     35.0  -0.0026 51.10  2
     40.0  -0.0056 25.59 30
     40.0   0.0034 37.34  6
     40.0  -0.0015 55.40 24
     40.0  -0.0012 25.83 29
     40.0  -0.0005 16.61  5
     40.0   0.0045 14.21 26
     40.0   0.0084 13.49  4
     40.0  -0.0048 51.07  2
     45.0  -0.0089 25.57 30
     45.0   0.0058 37.37  6
     45.0  -0.0037 55.37 24
     45.0   0.0034 25.87 29
     45.0  -0.0073 16.58  5
     45.0   0.0018 14.24 26
     45.0   0.0084 13.47  4
     45.0  -0.0036 51.04  2
     50.0  -0.0001 25.55 30
     50.0   0.0038 37.40  6
     50.0  -0.0022 55.35 24
     50.0   0.0024 25.90 29
     50.0  -0.0013 16.55  5
     50.0   0.0000 14.28 26
     50.0   0.0054 13.44  4
     50.0  -0.0051 51.02  2
     55.0   0.0027 25.53 30
     55.0   0.0086 37.44  6
     55.0   0.0032 55.33 24
     55.0   0.0080 25.94 29
     55.0   0.0133 16.52  5
     55.0   0.0119 14.31 26
     55.0   0.0130 13.42  4
     55.0   0.0003 50.99  2
     60.0  -0.0010 25.52 30
     60.0   0.0099 37.47  6
     60.0   0.0018 55.30 24
     60.0   0.0069 25.98 29
     60.0   0.0092 16.50  5
     60.0   0.0099 14.35 26
     60.0   0.0130 13.39  4
     60.0  -0.0005 50.96  2
     65.0  -0.0109 25.50 30
     65.0   0.0035 37.50  6
     65.0  -0.0008 55.28 24
     65.0   0.0002 26.02 29
     65.0   0.0024 16.47  5
     65.0   0.0098 14.38 26
     65.0   0.0054 13.37  4
     65.0  -0.0028 50.94  2
     70.0  -0.0081 25.48 30
     70.0   0.0015 37.53  6
     70.0   0.0012 55.26 24
     70.0  -0.0022 26.05 29
     70.0   0.0005 16.44  5
     70.0   0.0054 14.42 26
     70.0   0.0073 13.34  4
     70.0  -0.0019 50.91  2
     75.0  -0.0109 25.46 30
     75.0   0.0031 37.56  6
     75.0  -0.0004 55.23 24
     75.0  -0.0002 26.09 29
     75.0   0.0022 16.41  5
     75.0   0.0053 14.45 26
     75.0   0.0065 13.32  4
     75.0  -0.0018 50.88  2
     80.0  -0.0100 25.44 30
     80.0   0.0027 37.60  6
     80.0  -0.0031 55.21 24
     80.0  -0.0030 26.13 29
     80.0   0.0013 16.38  5
     80.0   0.0053 14.49 26
     80.0   0.0102 13.29  4
     80.0  -0.0045 50.86  2
     85.0  -0.0124 25.42 30
     85.0   0.0025 37.63  6
     85.0  -0.0036 55.19 24
     85.0   0.0011 26.17 29
     85.0  -0.0056 16.36  5
     85.0   0.0024 14.52 26
     85.0   0.0058 13.27  4
     85.0  -0.0049 50.83  2
     90.0  -0.0042 25.40 30
     90.0   0.0068 37.66  6
     90.0  -0.0003 55.16 24
     90.0   0.0045 26.20 29
     90.0   0.0007 16.33  5
     90.0   0.0046 14.56 26
     90.0   0.0153 13.24  4
     90.0  -0.0010 50.80  2
     95.0  -0.0057 25.38 30
     95.0   0.0103 37.69  6
     95.0   0.0035 55.14 24
     95.0   0.0055 26.24 29
     95.0  -0.0026 16.30  5
     95.0   0.0046 14.59 26
     95.0   0.0143 13.22  4
     95.0   0.0024 50.78  2
    100.0  -0.0047 25.37 30
    100.0   0.0090 37.72  6
    100.0  -0.0016 55.11 24
    100.0   0.0011 26.28 29
    100.0   0.0008 16.27  5
    100.0   0.0027 14.63 26
    100.0   0.0102 13.20  4
    100.0  -0.0016 50.75  2
    105.0  -0.0005 25.35 30
    105.0   0.0097 37.76  6
    105.0  -0.0002 55.09 24
    105.0   0.0037 26.32 29
    105.0   0.0025 16.25  5
    105.0   0.0027 14.66 26
    105.0   0.0089 13.17  4
    105.0  -0.0022 50.72  2
    110.0  -0.0067 25.33 30
    110.0   0.0025 37.79  6
    110.0  -0.0019 55.07 24
    110.0   0.0034 26.36 29
    110.0  -0.0014 16.22  5
    110.0   0.0120 14.70 26
    110.0   0.0103 13.15  4
    110.0  -0.0034 50.70  2
    115.0  -0.0010 25.31 30
    115.0   0.0069 37.82  6
    115.0   0.0008 55.04 24
    115.0   0.0063 26.39 29
    115.0   0.0023 16.19  5
    115.0   0.0058 14.74 26
    115.0   0.0135 13.12  4
    115.0  -0.0004 50.67  2
    120.0  -0.0016 25.29 30
    120.0   0.0045 37.85  6
    120.0  -0.0011 55.02 24
    120.0   0.0054 26.43 29
    120.0   0.0005 16.16  5
    120.0   0.0032 14.77 26
    120.0   0.0059 13.10  4
    120.0  -0.0047 50.64  2
    125.0  -0.0012 25.27 30
    125.0   0.0063 37.88  6
    125.0   0.0040 55.00 24
    125.0   0.0103 26.47 29
    125.0  -0.0077 16.14  5
    125.0   0.0079 14.81 26
    125.0   0.0133 13.07  4
    125.0   0.0013 50.62  2
    130.0  -0.0017 25.25 30
    130.0   0.0085 37.91  6
    130.0   0.0030 54.97 24
    130.0  -0.0005 26.51 29
    130.0  -0.0009 16.11  5
    130.0   0.0130 14.84 26
    130.0   0.0130 13.05  4
    130.0   0.0017 50.59  2
    135.0  -0.0032 25.23 30
    135.0   0.0027 37.95  6
    135.0   0.0021 54.95 24
    135.0   0.0071 26.54 29
    135.0  -0.0041 16.08  5
    135.0   0.0089 14.88 26
    135.0   0.0110 13.02  4
    135.0  -0.0006 50.56  2
    140.0   0.0022 25.21 30
    140.0   0.0037 37.98  6
    140.0   0.0020 54.93 24
    140.0   0.0066 26.58 29
    140.0  -0.0115 16.05  5
    140.0   0.0042 14.91 26
    140.0   0.0126 13.00  4
    140.0  -0.0017 50.54  2
    145.0  -0.0036 25.19 30
    145.0   0.0039 38.01  6
    145.0   0.0015 54.90 24
    145.0   0.0013 26.62 29
    145.0  -0.0077 16.03  5
    145.0   0.0108 14.95 26
    145.0   0.0135 12.97  4
    145.0   0.0017 50.51  2
    150.0   0.0008 25.18 30
    150.0   0.0102 38.04  6
    150.0   0.0033 54.88 24
    150.0   0.0066 26.66 29
    150.0  -0.0055 16.00  5
    150.0   0.0118 14.98 26
    150.0   0.0179 12.95  4
    150.0   0.0043 50.48  2
    155.0  -0.0023 25.16 30
    155.0   0.0053 38.07  6
    155.0  -0.0016 54.85 24
    155.0   0.0045 26.70 29
    155.0  -0.0062 15.97  5
    155.0   0.0073 15.02 26
    155.0   0.0132 12.92  4
    155.0  -0.0008 50.46  2
    160.0  -0.0047 25.14 30
    160.0   0.0048 38.11  6
    160.0  -0.0019 54.83 24
    160.0   0.0034 26.73 29
    160.0  -0.0068 15.94  5
    160.0   0.0059 15.05 26
    160.0   0.0187 12.90  4
    160.0  -0.0002 50.43  2
    165.0  -0.0029 25.12 30
    165.0  -0.0004 38.14  6
    165.0  -0.0004 54.81 24
    165.0   0.0024 26.77 29
    165.0   0.0036 15.92  5
    165.0   0.0051 15.09 26
    165.0   0.0175 12.87  4
    165.0   0.0013 50.40  2
    170.0   0.0004 25.10 30
    170.0   0.0074 38.17  6
    170.0   0.0006 54.78 24
    170.0   0.0008 26.81 29
    170.0   0.0065 15.89  5
    170.0   0.0097 15.13 26
    170.0   0.0161 12.85  4
    170.0   0.0040 50.38  2
    175.0  -0.0055 25.08 30
    175.0   0.0048 38.20  6
    175.0  -0.0021 54.76 24
    175.0   0.0005 26.85 29
    175.0  -0.0003 15.86  5
    175.0   0.0004 15.16 26
    175.0   0.0162 12.82  4
    175.0  -0.0037 50.35  2
    180.0  -0.0029 25.06 30
    180.0   0.0035 38.23  6
    180.0   0.0007 54.74 24
    180.0   0.0033 26.89 29
    180.0  -0.0066 15.83  5
    180.0   0.0049 15.20 26
    180.0   0.0176 12.80  4
    180.0  -0.0006 50.32  2
    185.0  -0.0034 25.04 30
    185.0   0.0048 38.26  6
    185.0   0.0031 54.71 24
    185.0   0.0033 26.92 29
    185.0  -0.0028 15.81  5
    185.0   0.0108 15.23 26
    185.0   0.0190 12.77  4
    185.0  -0.0002 50.30  2
    190.0  -0.0050 25.02 30
    190.0   0.0053 38.30  6
    190.0   0.0016 54.69 24
    190.0  -0.0016 26.96 29
    190.0   0.0066 15.78  5
    190.0   0.0083 15.27 26
    190.0   0.0225 12.75  4
    190.0  -0.0011 50.27  2
    195.0  -0.0028 25.00 30
    195.0   0.0038 38.33  6
    195.0  -0.0017 54.67 24
    195.0  -0.0047 27.00 29
    195.0   0.0047 15.75  5
    195.0   0.0073 15.30 26
    195.0   0.0191 12.72  4
    195.0  -0.0019 50.24  2
    200.0  -0.0049 24.98 30
    200.0   0.0011 38.36  6
    200.0  -0.0038 54.64 24
    200.0  -0.0053 27.04 29
    200.0   0.0003 15.72  5
    200.0   0.0060 15.34 26
    200.0   0.0090 12.70  4
    200.0  -0.0034 50.22  2
    205.0   0.0001 24.96 30
    205.0   0.0021 38.39  6
    205.0  -0.0042 54.62 24
    205.0  -0.0009 27.08 29
    205.0   0.0049 15.70  5
    205.0   0.0033 15.37 26
    205.0   0.0162 12.68  4
    205.0  -0.0044 50.19  2
    210.0  -0.0004 24.94 30
    210.0   0.0077 38.42  6
    210.0   0.0005 54.59 24
    210.0   0.0027 27.11 29
    210.0  -0.0003 15.67  5
    210.0   0.0103 15.41 26
    210.0   0.0143 12.65  4
    210.0  -0.0027 50.16  2
    215.0  -0.0028 24.93 30
    215.0   0.0059 38.45  6
    215.0   0.0005 54.57 24
    215.0  -0.0031 27.15 29
    215.0   0.0025 15.64  5
    215.0   0.0070 15.45 26
    215.0   0.0086 12.63  4
    215.0   0.0012 50.14  2
    220.0  -0.0014 24.91 30
    220.0   0.0031 38.49  6
    220.0   0.0005 54.55 24
    220.0   0.0041 27.19 29
    220.0   0.0086 15.61  5
    220.0   0.0069 15.48 26
    220.0   0.0133 12.60  4
    220.0  -0.0008 50.11  2
    225.0  -0.0011 24.89 30
    225.0   0.0046 38.52  6
    225.0   0.0022 54.52 24
    225.0   0.0049 27.23 29
    225.0   0.0059 15.59  5
    225.0   0.0063 15.52 26
    225.0   0.0214 12.58  4
    225.0  -0.0009 50.08  2
    230.0   0.0001 24.87 30
    230.0   0.0064 38.55  6
    230.0   0.0014 54.50 24
    230.0   0.0036 27.27 29
    230.0   0.0047 15.56  5
    230.0   0.0076 15.55 26
    230.0   0.0140 12.55  4
    230.0  -0.0023 50.06  2
    235.0  -0.0015 24.85 30
    235.0   0.0081 38.58  6
    235.0   0.0044 54.48 24
    235.0   0.0059 27.30 29
    235.0   0.0108 15.53  5
    235.0   0.0103 15.59 26
    235.0   0.0142 12.53  4
    235.0   0.0029 50.03  2
    240.0   0.0039 24.83 30
    240.0   0.0054 38.61  6
    240.0   0.0067 54.45 24
    240.0   0.0057 27.34 29
    240.0   0.0049 15.50  5
    240.0   0.0141 15.62 26
    240.0   0.0218 12.50  4
    240.0   0.0034 50.00  2
    245.0   0.0056 24.81 30
    245.0   0.0084 38.64  6
    245.0   0.0076 54.43 24
    245.0   0.0023 27.38 29
    245.0   0.0081 15.48  5
    245.0   0.0110 15.66 26
    245.0   0.0218 12.48  4
    245.0   0.0036 49.98  2
    250.0  -0.0033 24.79 30
    250.0   0.0040 38.68  6
    250.0   0.0055 54.40 24
    250.0   0.0071 27.42 29
    250.0   0.0027 15.45  5
    250.0   0.0072 15.70 26
    250.0   0.0169 12.45  4
    250.0   0.0008 49.95  2
    255.0  -0.0021 24.77 30
    255.0   0.0031 38.71  6
    255.0   0.0027 54.38 24
    255.0   0.0011 27.46 29
    255.0  -0.0049 15.42  5
    255.0   0.0046 15.73 26
    255.0   0.0128 12.43  4
    255.0  -0.0045 49.92  2
    260.0  -0.0028 24.75 30
    260.0   0.0040 38.74  6
    260.0   0.0023 54.36 24
    260.0   0.0023 27.49 29
    260.0  -0.0038 15.39  5
    260.0   0.0042 15.77 26
    260.0   0.0147 12.40  4
    260.0  -0.0037 49.90  2
    265.0  -0.0042 24.73 30
    265.0  -0.0006 38.77  6
    265.0   0.0001 54.33 24
    265.0   0.0030 27.53 29
    265.0  -0.0102 15.37  5
    265.0   0.0047 15.80 26
    265.0   0.0166 12.38  4
    265.0  -0.0052 49.87  2
    270.0   0.0009 24.71 30
    270.0   0.0021 38.80  6
    270.0   0.0020 54.31 24
    270.0   0.0103 27.57 29
    270.0  -0.0102 15.34  5
    270.0   0.0064 15.84 26
    270.0   0.0208 12.35  4
    270.0  -0.0016 49.84  2
    275.0  -0.0046 24.69 30
    275.0   0.0018 38.83  6
    275.0   0.0005 54.29 24
    275.0   0.0025 27.61 29
    275.0  -0.0130 15.31  5
    275.0   0.0046 15.87 26
    275.0   0.0143 12.33  4
    275.0  -0.0037 49.82  2
    280.0  -0.0091 24.67 30
    280.0  -0.0019 38.87  6
    280.0   0.0009 54.26 24
    280.0   0.0022 27.65 29
    280.0  -0.0074 15.28  5
    280.0  -0.0030 15.91 26
    280.0   0.0130 12.30  4
    280.0  -0.0040 49.79  2
    285.0  -0.0076 24.65 30
    285.0  -0.0013 38.90  6
    285.0   0.0006 54.24 24
    285.0   0.0017 27.68 29
    285.0  -0.0116 15.26  5
    285.0   0.0003 15.95 26
    285.0   0.0119 12.28  4
    285.0  -0.0021 49.76  2
    290.0  -0.0116 24.63 30
    290.0  -0.0032 38.93  6
    290.0  -0.0016 54.21 24
    290.0   0.0015 27.72 29
    290.0  -0.0114 15.23  5
    290.0  -0.0010 15.98 26
    290.0   0.0045 12.26  4
    290.0  -0.0025 49.74  2
    295.0  -0.0033 24.61 30
    295.0  -0.0004 38.96  6
    295.0   0.0007 54.19 24
    295.0   0.0018 27.76 29
    295.0  -0.0090 15.20  5
    295.0  -0.0064 16.02 26
    295.0   0.0121 12.23  4
    295.0  -0.0007 49.71  2
    300.0  -0.0052 24.59 30
    300.0  -0.0015 38.99  6
    300.0   0.0004 54.17 24
    300.0   0.0046 27.80 29
    300.0  -0.0137 15.17  5
    300.0  -0.0017 16.05 26
    300.0   0.0153 12.21  4
    300.0  -0.0042 49.68  2
    305.0  -0.0041 24.58 30
    305.0   0.0009 39.02  6
    305.0   0.0024 54.14 24
    305.0   0.0023 27.84 29
    305.0  -0.0090 15.15  5
    305.0   0.0040 16.09 26
    305.0   0.0125 12.18  4
    305.0  -0.0023 49.66  2
    310.0  -0.0055 24.56 30
    310.0   0.0004 39.06  6
    310.0   0.0027 54.12 24
    310.0   0.0021 27.87 29
    310.0  -0.0023 15.12  5
    310.0   0.0015 16.12 26
    310.0   0.0107 12.16  4
    310.0  -0.0018 49.63  2
    315.0  -0.0056 24.54 30
    315.0   0.0012 39.09  6
    315.0   0.0028 54.10 24
    315.0   0.0047 27.91 29
    315.0   0.0134 15.09  5
    315.0  -0.0032 16.16 26
    315.0   0.0090 12.13  4
    315.0  -0.0006 49.60  2
    320.0  -0.0053 24.52 30
    320.0  -0.0008 39.12  6
    320.0   0.0006 54.07 24
    320.0   0.0023 27.95 29
    320.0   0.0111 15.06  5
    320.0  -0.0021 16.20 26
    320.0   0.0141 12.11  4
    320.0  -0.0030 49.57  2
    325.0  -0.0053 24.50 30
    325.0   0.0019 39.15  6
    325.0   0.0004 54.05 24
    325.0   0.0046 27.99 29
    325.0   0.0118 15.04  5
    325.0  -0.0003 16.23 26
    325.0   0.0079 12.08  4
    325.0  -0.0014 49.55  2
    330.0  -0.0096 24.48 30
    330.0  -0.0008 39.18  6
    330.0  -0.0035 54.02 24
    330.0  -0.0008 28.03 29
    330.0   0.0065 15.01  5
    330.0  -0.0005 16.27 26
    330.0   0.0105 12.06  4
    330.0  -0.0039 49.52  2
    335.0  -0.0084 24.46 30
    335.0   0.0010 39.21  6
    335.0  -0.0003 54.00 24
    335.0  -0.0046 28.06 29
    335.0  -0.0033 14.98  5
    335.0   0.0026 16.30 26
    335.0   0.0076 12.03  4
    335.0  -0.0020 49.49  2
    340.0  -0.0066 24.44 30
    340.0   0.0021 39.25  6
    340.0   0.0004 53.98 24
    340.0   0.0016 28.10 29
    340.0  -0.0037 14.95  5
    340.0  -0.0020 16.34 26
    340.0   0.0136 12.01  4
    340.0  -0.0034 49.47  2
    345.0  -0.0031 24.42 30
    345.0   0.0043 39.28  6
    345.0   0.0023 53.95 24
    345.0   0.0016 28.14 29
    345.0   0.0014 14.93  5
    345.0   0.0015 16.38 26
    345.0   0.0193 11.98  4
    345.0  -0.0003 49.44  2
    350.0  -0.0004 24.40 30
    350.0   0.0036 39.31  6
    350.0  -0.0008 53.93 24
    350.0  -0.0023 28.18 29
    350.0  -0.0020 14.90  5
    350.0  -0.0016 16.41 26
    350.0  -0.0054 49.41  2
    355.0  -0.0076 24.38 30
    355.0   0.0040 39.34  6
    355.0   0.0002 53.90 24
    355.0  -0.0016 28.22 29
    355.0  -0.0057 14.87  5
    355.0  -0.0027 16.45 26
    355.0  -0.0080 49.39  2
    360.0   0.0005 24.36 30
    360.0   0.0069 39.37  6
    360.0   0.0040 53.88 24
    360.0   0.0012 28.25 29
    360.0  -0.0008 14.84  5
    360.0   0.0026 16.48 26
    360.0  -0.0017 49.36  2
    365.0   0.0020 24.34 30
    365.0   0.0041 39.40  6
    365.0   0.0050 53.86 24
    365.0  -0.0016 28.29 29
    365.0  -0.0043 14.82  5
    365.0   0.0023 16.52 26
    365.0  -0.0011 49.33  2
    370.0   0.0012 24.32 30
    370.0   0.0053 39.43  6
    370.0   0.0022 53.83 24
    370.0  -0.0031 28.33 29
    370.0  -0.0063 14.79  5
    370.0   0.0022 16.56 26
    370.0   0.0009 49.31  2
    375.0  -0.0034 24.30 30
    375.0  -0.0021 39.47  6
    375.0  -0.0031 53.81 24
    375.0   0.0033 28.37 29
    375.0  -0.0066 14.76  5
    375.0  -0.0024 16.59 26
    375.0  -0.0029 49.28  2
    380.0  -0.0037 24.28 30
    380.0  -0.0010 39.50  6
    380.0  -0.0002 53.79 24
    380.0   0.0019 28.41 29
    380.0  -0.0067 14.73  5
    380.0  -0.0045 16.63 26
    380.0  -0.0031 49.25  2
    385.0  -0.0048 24.26 30
    385.0   0.0023 39.53  6
    385.0  -0.0003 53.76 24
    385.0  -0.0054 28.45 29
    385.0  -0.0031 14.71  5
    385.0  -0.0061 16.66 26
    385.0   0.0008 49.23  2
    390.0  -0.0019 24.24 30
    390.0   0.0012 39.56  6
    390.0   0.0012 53.74 24
    390.0   0.0034 28.48 29
    390.0  -0.0008 14.68  5
    390.0  -0.0035 16.70 26
    390.0  -0.0034 49.20  2
    395.0  -0.0010 24.22 30
    395.0   0.0030 39.59  6
    395.0   0.0011 53.71 24
    395.0  -0.0093 28.52 29
    395.0   0.0039 14.65  5
    395.0   0.0023 16.74 26
    395.0   0.0004 49.17  2
    400.0   0.0004 24.20 30
    400.0   0.0042 39.62  6
    400.0   0.0018 53.69 24
    400.0  -0.0043 28.56 29
    400.0   0.0095 14.62  5
    400.0  -0.0041 16.77 26
    400.0   0.0006 49.15  2
    405.0  -0.0015 24.18 30
    405.0  -0.0008 39.65  6
    405.0  -0.0009 53.67 24
    405.0  -0.0057 28.60 29
    405.0   0.0082 14.60  5
    405.0  -0.0030 16.81 26
    405.0  -0.0024 49.12  2
    410.0  -0.0019 24.16 30
    410.0  -0.0017 39.69  6
    410.0  -0.0042 53.64 24
    410.0  -0.0129 28.64 29
    410.0  -0.0023 14.57  5
    410.0  -0.0047 16.84 26
    410.0  -0.0069 49.09  2
    415.0   0.0036 24.14 30
    415.0   0.0027 39.72  6
    415.0  -0.0021 53.62 24
    415.0  -0.0030 28.67 29
    415.0  -0.0007 14.54  5
    415.0  -0.0024 16.88 26
    415.0  -0.0022 49.06  2
    420.0  -0.0059 24.12 30
    420.0   0.0033 39.75  6
    420.0  -0.0008 53.59 24
    420.0  -0.0055 28.71 29
    420.0  -0.0088 14.51  5
    420.0  -0.0019 16.92 26
    420.0  -0.0056 49.04  2
    425.0  -0.0031 24.10 30
    425.0   0.0016 39.78  6
    425.0  -0.0023 53.57 24
    425.0  -0.0053 28.75 29
    425.0  -0.0242 14.49  5
    425.0  -0.0037 16.95 26
    425.0  -0.0058 49.01  2
    430.0   0.0014 24.08 30
    430.0   0.0027 39.81  6
    430.0  -0.0034 53.55 24
    430.0  -0.0030 28.79 29
    430.0  -0.0225 14.46  5
    430.0  -0.0016 16.99 26
    430.0  -0.0027 48.98  2
    435.0  -0.0015 24.06 30
    435.0   0.0039 39.84  6
    435.0  -0.0018 53.52 24
    435.0  -0.0054 28.83 29
    435.0  -0.0213 14.43  5
    435.0  -0.0021 17.02 26
    435.0  -0.0004 48.96  2
    440.0   0.0076 24.04 30
    440.0   0.0041 39.87  6
    440.0  -0.0009 53.50 24
    440.0  -0.0034 28.87 29
    440.0  -0.0167 14.41  5
    440.0   0.0037 17.06 26
    440.0  -0.0016 48.93  2
    445.0   0.0092 24.02 30
    445.0   0.0036 39.91  6
    445.0   0.0012 53.47 24
    445.0  -0.0010 28.90 29
    445.0  -0.0099 14.38  5
    445.0   0.0016 17.10 26
    445.0   0.0011 48.90  2
    450.0  -0.0015 24.00 30
    450.0   0.0000 39.94  6
    450.0  -0.0032 53.45 24
    450.0  -0.0042 28.94 29
    450.0  -0.0084 14.35  5
    450.0  -0.0072 17.13 26
    450.0  -0.0050 48.88  2
    455.0   0.0010 23.98 30
    455.0   0.0033 39.97  6
    455.0  -0.0021 53.43 24
    455.0  -0.0018 28.98 29
    455.0   0.0033 14.32  5
    455.0   0.0000 17.17 26
    455.0  -0.0021 48.85  2
    460.0   0.0015 23.96 30
    460.0  -0.0010 40.00  6
    460.0  -0.0012 53.40 24
    460.0  -0.0002 29.02 29
    460.0   0.0106 14.30  5
    460.0  -0.0001 17.20 26
    460.0  -0.0017 48.82  2
    465.0  -0.0013 23.94 30
    465.0   0.0006 40.03  6
    465.0  -0.0012 53.38 24
    465.0  -0.0024 29.06 29
    465.0   0.0042 14.27  5
    465.0  -0.0028 17.24 26
    465.0  -0.0032 48.80  2
    470.0   0.0018 23.92 30
    470.0   0.0039 40.06  6
    470.0   0.0005 53.35 24
    470.0  -0.0006 29.10 29
    470.0   0.0028 14.24  5
    470.0   0.0001 17.28 26
    470.0  -0.0028 48.77  2
    475.0  -0.0056 23.90 30
    475.0  -0.0016 40.09  6
    475.0   0.0005 53.33 24
    475.0  -0.0009 29.13 29
    475.0  -0.0034 14.21  5
    475.0   0.0012 17.31 26
    475.0  -0.0025 48.74  2
    480.0  -0.0059 23.88 30
    480.0   0.0082 40.13  6
    480.0   0.0013 53.31 24
    480.0   0.0060 29.17 29
    480.0   0.0010 14.19  5
    480.0   0.0084 17.35 26
    480.0  -0.0017 48.71  2
    485.0  -0.0074 23.86 30
    485.0   0.0034 40.16  6
    485.0  -0.0005 53.28 24
    485.0  -0.0004 29.21 29
    485.0   0.0052 14.16  5
    485.0   0.0052 17.39 26
    485.0  -0.0066 48.69  2
    490.0  -0.0070 23.84 30
    490.0   0.0029 40.19  6
    490.0   0.0007 53.26 24
    490.0   0.0078 29.25 29
    490.0   0.0034 14.13  5
    490.0   0.0061 17.42 26
    490.0  -0.0022 48.66  2
    495.0  -0.0061 23.82 30
    495.0   0.0073 40.22  6
    495.0   0.0006 53.23 24
    495.0  -0.0007 29.29 29
    495.0   0.0076 14.10  5
    495.0   0.0031 17.46 26
    495.0  -0.0033 48.63  2
    500.0   0.0015 23.80 30
    500.0   0.0056 40.25  6
    500.0   0.0005 53.21 24
    500.0  -0.0024 29.33 29
    500.0   0.0078 14.08  5
    500.0   0.0051 17.49 26
    500.0  -0.0035 48.61  2
