     60.0         .00287 16.63 13
     90.0        -.00235 16.64 13
    120.0         .00180 16.64 13
    150.0         .00010 16.65 13
    180.0        -.00728 16.65 13
    210.0        -.00147 16.65 13
    240.0         .00399 16.66 13
    270.0         .00113 16.66 13
    300.0         .00097 16.66 13
    330.0        -.00162 16.65 13
    360.0 -3147934.80436 16.65 13
    390.0        -.00226 16.65 13
    420.0        -.00109 16.64 13
    450.0         .00484 16.64 13
    480.0         .00488 16.63 13
    510.0         .00092 16.63 13
    540.0        -.00496 16.62 13
    570.0        -.00169 16.61 13
    600.0        -.00319 16.60 13
    630.0         .00254 16.59 13
    660.0        -.00505 16.58 13
    690.0         .00677 16.57 13
    720.0         .00184 16.55 13
    750.0        -.00254 16.54 13
    780.0         .00698 16.52 13
    810.0        -.00519 16.51 13
    840.0        -.00101 16.49 13
    870.0         .00336 16.47 13
    900.0        -.00161 16.45 13
    930.0        -.00010 16.43 13
    960.0         .00140 16.41 13
    990.0         .00307 16.39 13
   1020.0        -.00038 16.37 13
   1050.0        -.00061 16.34 13
   1080.0         .00315 16.32 13
   1110.0        -.00545 16.29 13
   1140.0        -.00209 16.27 13
   1170.0         .00222 16.24 13
   1200.0        -.00279 16.21 13
   1230.0        -.00001 16.18 13
   1260.0        -.00199 16.15 13
   1290.0        -.00111 16.12 13
   1320.0         .00469 16.09 13
   1350.0         .00135 16.05 13
   1380.0        -.00085 16.02 13
   1410.0        -.00362 15.98 13
   1440.0        -.00335 15.95 13
   1470.0        -.00520 15.91 13
   1500.0         .00571 15.87 13
   1530.0         .00823 15.84 13
   1560.0         .00028 15.80 13
   1590.0         .00090 15.76 13
   1620.0         .00016 15.71 13
   1650.0         .00074 15.67 13
   1680.0        -.00266 15.63 13
   1710.0        -.00420 15.58 13
   1740.0         .00131 15.54 13
   1770.0        -.00517 15.49 13
   1800.0        -.00367 15.45 13
   1830.0         .00693 15.40 13
   1860.0         .00785 15.35 13
   1890.0         .00305 15.30 13
   1920.0        -.00215 15.25 13
   1950.0        -.00145 15.20 13
   1980.0         .00019 15.14 13
   2010.0        -.00524 15.09 13
   2040.0         .00151 15.04 13
   2070.0         .00196 14.98 13
   2100.0        -.00136 14.92 13
   2130.0         .00264 14.87 13
   2160.0         .00574 14.81 13
   2190.0        -.00128 14.75 13
   2220.0        -.00334 14.69 13
   2250.0        -.00237 14.63 13
   2280.0        -.00007 14.57 13
   2310.0         .00011 14.51 13
   2340.0         .00103 14.44 13
   2370.0         .00310 14.38 13
   2400.0         .00002 14.31 13
   2430.0        -.00365 14.25 13
   2460.0         .00390 14.18 13
   2490.0         .00420 14.11 13
   2520.0        -.00196 14.04 13
   2550.0        -.00528 13.97 13
   2580.0        -.00749 13.90 13
   2610.0        -.00019 13.83 13
   2640.0         .00253 13.76 13
   2670.0         .00638 13.69 13
   2700.0        -.00101 13.61 13
   2730.0         .00035 13.54 13
   2760.0        -.00078 13.46 13
     60.0        -.00204 39.82  4
     90.0        -.00562 39.69  4
    120.0         .00277 39.56  4
    150.0        -.00197 39.44  4
    180.0        -.00178 39.31  4
    210.0         .00125 39.18  4
    240.0         .00159 39.05  4
    270.0        -.00227 38.92  4
    300.0         .00034 38.79  4
    330.0        -.00337 38.67  4
    360.0 -3147934.79986 38.54  4
    390.0        -.00450 38.41  4
    420.0        -.00024 38.29  4
    450.0         .00128 38.16  4
    480.0        -.00180 38.03  4
    510.0         .00209 37.91  4
    540.0         .00325 37.78  4
    570.0        -.00346 37.66  4
    600.0         .00102 37.53  4
    630.0         .00161 37.40  4
    660.0        -.00091 37.28  4
    690.0        -.00024 37.15  4
    720.0        -.00135 37.03  4
    750.0        -.00122 36.91  4
    780.0         .00191 36.78  4
    810.0         .00117 36.66  4
    840.0         .00054 36.54  4
    870.0         .00023 36.41  4
    900.0        -.00072 36.29  4
    930.0        -.00038 36.17  4
    960.0         .00082 36.04  4
    990.0         .00233 35.92  4
   1020.0        -.00173 35.80  4
   1050.0         .00841 35.68  4
   1080.0        -.00396 35.56  4
   1110.0         .00282 35.43  4
   1140.0        -.00228 35.31  4
   1170.0         .00340 35.19  4
   1200.0        -.00544 35.07  4
   1230.0         .00221 34.95  4
   1260.0         .00046 34.83  4
   1290.0        -.00515 34.71  4
   1320.0         .00266 34.59  4
   1350.0        -.00044 34.47  4
   1380.0         .00097 34.35  4
   1410.0         .00231 34.23  4
   1440.0        -.00289 34.11  4
   1470.0        -.00189 33.99  4
   1500.0         .00000 33.88  4
   1530.0         .00335 33.76  4
   1560.0        -.00157 33.64  4
   1590.0         .00585 33.52  4
   1620.0         .00174 33.40  4
   1650.0        -.00243 33.29  4
   1680.0        -.00609 33.17  4
   1710.0         .00214 33.05  4
   1740.0         .00328 32.94  4
   1770.0        -.00191 32.82  4
   1800.0         .00118 32.70  4
   1830.0         .00208 32.59  4
   1860.0         .00010 32.47  4
   1890.0        -.00138 32.36  4
   1920.0        -.00105 32.24  4
   1950.0         .00076 32.12  4
   1980.0         .00173 32.01  4
   2010.0         .00545 31.89  4
   2040.0        -.00002 31.78  4
   2070.0        -.00498 31.66  4
   2100.0        -.00174 31.55  4
   2130.0         .00158 31.44  4
   2160.0         .00098 31.32  4
   2190.0        -.00123 31.21  4
   2220.0        -.00027 31.10  4
   2250.0        -.00071 30.98  4
   2280.0        -.00387 30.87  4
   2310.0         .00277 30.76  4
   2340.0         .00343 30.64  4
   2370.0         .00139 30.53  4
   2400.0         .00059 30.42  4
   2430.0        -.00160 30.31  4
   2460.0         .00069 30.19  4
   2490.0         .00063 30.08  4
   2520.0        -.00234 29.97  4
   2550.0         .00128 29.86  4
   2580.0        -.00184 29.75  4
   2610.0        -.00181 29.64  4
   2640.0        -.00012 29.53  4
   2670.0         .00225 29.41  4
   2700.0        -.00173 29.30  4
   2730.0        -.00006 29.19  4
   2760.0         .00249 29.08  4
   2790.0        -.00244 28.97  4
   2820.0         .00377 28.86  4
   2850.0        -.00473 28.75  4
   2880.0        -.00018 28.64  4
   2910.0         .00164 28.53  4
   2940.0         .00244 28.43  4
   2970.0        -.00122 28.32  4
   3000.0        -.00361 28.21  4
   3030.0         .00345 28.10  4
   3060.0         .00302 27.99  4
   3090.0        -.00261 27.88  4
   3120.0         .00500 27.77  4
   3150.0        -.00344 27.66  4
   3180.0        -.00262 27.56  4
   3210.0         .00193 27.45  4
   3240.0        -.00233 27.34  4
   3270.0         .00133 27.23  4
   3300.0         .00264 27.13  4
   3330.0        -.00031 27.02  4
   3360.0        -.00199 26.91  4
   3390.0        -.00242 26.80  4
   3420.0         .00109 26.70  4
   3450.0         .00378 26.59  4
   3480.0        -.00218 26.48  4
   3510.0        -.00133 26.38  4
   3540.0        -.00058 26.27  4
   3570.0        -.00101 26.17  4
   3600.0        -.00055 26.06  4
     60.0         .00134 50.24 10
     90.0        -.00640 50.48 10
    120.0         .00341 50.73 10
    150.0         .00108 50.97 10
    180.0         .00029 51.21 10
    210.0         .00471 51.46 10
    240.0        -.00072 51.70 10
    270.0         .00036 51.94 10
    300.0        -.00252 52.18 10
    330.0        -.00114 52.43 10
     60.0        -.00261 13.15 30
     90.0        -.01001 13.30 30
    120.0         .00753 13.46 30
    150.0        -.00500 13.61 30
    180.0        -.00116 13.76 30
    210.0         .00975 13.91 30
    240.0        -.00083 14.06 30
    270.0         .00175 14.21 30
    300.0         .00108 14.36 30
    330.0        -.00202 14.51 30
    360.0 -3147934.81029 14.66 30
    390.0        -.00650 14.81 30
    420.0         .00529 14.95 30
    450.0         .00126 15.10 30
    480.0        -.00033 15.25 30
    510.0         .00108 15.39 30
    540.0         .00019 15.54 30
    570.0        -.00398 15.68 30
    600.0         .00114 15.83 30
    630.0         .00090 15.97 30
    660.0         .00272 16.11 30
    690.0        -.00291 16.26 30
    720.0         .00454 16.40 30
    750.0        -.00116 16.54 30
    780.0        -.00081 16.68 30
    810.0         .00407 16.82 30
    840.0         .00301 16.96 30
    870.0        -.01026 17.10 30
    900.0         .00822 17.24 30
    930.0        -.00208 17.38 30
    960.0        -.00290 17.52 30
    990.0         .00347 17.65 30
   1020.0        -.00028 17.79 30
   1050.0         .00488 17.93 30
   1080.0         .00144 18.06 30
   1110.0        -.00395 18.20 30
   1140.0        -.00157 18.33 30
   1170.0        -.00170 18.46 30
   1200.0        -.00548 18.60 30
   1230.0         .00230 18.73 30
   1260.0         .00300 18.86 30
   1290.0         .00100 18.99 30
   1320.0         .00030 19.12 30
   1350.0        -.00140 19.25 30
   1380.0         .00067 19.38 30
   1410.0         .00555 19.51 30
   1440.0        -.00121 19.63 30
   1470.0        -.00459 19.76 30
   1500.0         .00112 19.89 30
   1530.0         .00166 20.01 30
   1560.0        -.00470 20.14 30
   1590.0         .00508 20.26 30
   1620.0        -.00155 20.38 30
   1650.0         .00244 20.50 30
   1680.0        -.00066 20.63 30
   1710.0        -.00322 20.75 30
   1740.0         .00064 20.87 30
   1770.0        -.00239 20.99 30
   1800.0        -.00204 21.10 30
   1830.0         .00931 21.22 30
   1860.0        -.00089 21.34 30
   1890.0        -.00161 21.46 30
   1920.0         .00219 21.57 30
   1950.0        -.00072 21.69 30
   1980.0        -.00272 21.80 30
   2010.0        -.00342 21.91 30
   2040.0         .00268 22.02 30
   2070.0         .00075 22.14 30
   2100.0         .00208 22.25 30
   2130.0         .00331 22.36 30
   2160.0        -.00008 22.46 30
   2190.0         .00048 22.57 30
   2220.0        -.00281 22.68 30
   2250.0        -.00862 22.79 30
   2280.0         .00475 22.89 30
   2310.0         .00323 23.00 30
   2340.0         .00243 23.10 30
   2370.0         .00159 23.20 30
   2400.0         .00012 23.31 30
   2430.0         .00623 23.41 30
   2460.0        -.00445 23.51 30
   2490.0        -.00414 23.61 30
   2520.0        -.00369 23.70 30
   2550.0        -.00157 23.80 30
   2580.0         .00754 23.90 30
   2610.0        -.00089 23.99 30
   2640.0        -.00309 24.09 30
   2670.0        -.00039 24.18 30
   2700.0        -.00154 24.28 30
   2730.0         .00336 24.37 30
   2760.0         .00117 24.46 30
   2790.0        -.00145 24.55 30
   2820.0         .00731 24.64 30
   2850.0        -.00282 24.73 30
   2880.0        -.00253 24.81 30
   2910.0         .00019 24.90 30
   2940.0         .00115 24.99 30
   2970.0         .00112 25.07 30
   3000.0        -.00429 25.15 30
   3030.0        -.00099 25.24 30
   3060.0         .00055 25.32 30
   3090.0         .00338 25.40 30
   3120.0         .00007 25.48 30
   3150.0        -.00176 25.55 30
   3180.0         .00151 25.63 30
   3210.0        -.00137 25.71 30
   3240.0         .00142 25.78 30
   3270.0        -.00078 25.86 30
   3300.0         .00097 25.93 30
   3330.0         .00134 26.00 30
   3360.0         .00014 26.07 30
     60.0         .00426 38.00  7
     90.0        -.00317 37.85  7
    120.0        -.00052 37.71  7
    150.0         .00212 37.56  7
    180.0        -.00209 37.41  7
    210.0         .00416 37.27  7
    240.0         .00049 37.12  7
    270.0         .00043 36.97  7
    300.0        -.00267 36.82  7
    330.0         .00106 36.67  7
    360.0 -3147934.80511 36.52  7
    390.0        -.00458 36.37  7
    420.0        -.00086 36.22  7
    450.0         .00299 36.07  7
    480.0         .00206 35.92  7
    510.0        -.00121 35.76  7
    540.0         .00134 35.61  7
    570.0        -.00109 35.46  7
    600.0         .00120 35.31  7
    630.0         .00361 35.15  7
    660.0        -.00222 35.00  7
    690.0        -.00085 34.84  7
    720.0        -.00239 34.69  7
    750.0        -.00021 34.53  7
    780.0         .00232 34.38  7
    810.0        -.00072 34.22  7
    840.0         .00950 34.06  7
    870.0        -.00335 33.91  7
    900.0        -.00239 33.75  7
    930.0        -.00220 33.59  7
    960.0         .00038 33.43  7
    990.0        -.00052 33.27  7
   1020.0         .00368 33.12  7
   1050.0        -.00227 32.96  7
   1080.0         .00278 32.80  7
   1110.0        -.00040 32.64  7
   1140.0         .00167 32.48  7
   1170.0        -.00068 32.32  7
   1200.0         .00054 32.15  7
   1230.0        -.00020 31.99  7
   1260.0         .00015 31.83  7
   1290.0        -.00296 31.67  7
   1320.0        -.00216 31.51  7
   1350.0         .00013 31.34  7
   1380.0         .00351 31.18  7
   1410.0         .00246 31.02  7
   1440.0        -.00206 30.85  7
   1470.0         .00172 30.69  7
   1500.0        -.00215 30.52  7
   1530.0         .00003 30.36  7
   1560.0        -.00129 30.19  7
   1590.0        -.00034 30.03  7
   1620.0        -.00005 29.86  7
   1650.0         .00363 29.69  7
   1680.0        -.00777 29.53  7
   1710.0         .00682 29.36  7
   1740.0        -.00126 29.19  7
   1770.0        -.00235 29.03  7
   1800.0        -.00006 28.86  7
   1830.0         .00157 28.69  7
   1860.0        -.00043 28.52  7
   1890.0        -.00361 28.35  7
   1920.0         .00285 28.18  7
   1950.0         .00243 28.01  7
   1980.0        -.00110 27.84  7
   2010.0        -.00070 27.67  7
   2040.0         .00289 27.50  7
   2070.0        -.00080 27.33  7
   2100.0        -.00376 27.16  7
   2130.0         .00290 26.99  7
   2160.0        -.00301 26.82  7
   2190.0         .00642 26.65  7
   2220.0         .00040 26.48  7
   2250.0        -.00357 26.31  7
   2280.0        -.00168 26.13  7
   2310.0         .00319 25.96  7
   2340.0         .00153 25.79  7
   2370.0         .00099 25.62  7
   2400.0        -.00264 25.44  7
   2430.0        -.00404 25.27  7
   2460.0        -.00340 25.09  7
   2490.0         .00804 24.92  7
   2520.0        -.00451 24.75  7
   2550.0        -.00114 24.57  7
   2580.0        -.00238 24.40  7
   2610.0        -.00198 24.22  7
   2640.0        -.00046 24.05  7
   2670.0         .00672 23.87  7
   2700.0        -.00518 23.70  7
   2730.0        -.00150 23.52  7
   2760.0         .00080 23.34  7
   2790.0         .00135 23.17  7
   2820.0         .00794 22.99  7
   2850.0        -.00168 22.81  7
   2880.0        -.00887 22.64  7
   2910.0         .00672 22.46  7
   2940.0         .00210 22.28  7
   2970.0        -.00751 22.11  7
   3000.0         .00319 21.93  7
   3030.0         .00208 21.75  7
   3060.0        -.00461 21.57  7
   3090.0         .00314 21.39  7
   3120.0         .00133 21.22  7
   3150.0        -.00852 21.04  7
   3180.0         .00748 20.86  7
   3210.0         .00496 20.68  7
   3240.0        -.00327 20.50  7
   3270.0        -.00033 20.32  7
   3300.0        -.00084 20.14  7
   3330.0        -.00503 19.96  7
   3360.0         .00408 19.78  7
     60.0         .00499 39.49  5
     90.0        -.00285 39.58  5
    120.0         .00321 39.66  5
    150.0        -.00102 39.74  5
    180.0        -.00202 39.82  5
    210.0         .00175 39.89  5
    240.0        -.00020 39.97  5
    270.0         .00338 40.05  5
    300.0         .00104 40.12  5
    330.0        -.00186 40.19  5
    360.0 -3147934.80516 40.26  5
    390.0        -.00195 40.33  5
    420.0         .00162 40.40  5
    450.0         .00001 40.47  5
    480.0         .00083 40.54  5
    510.0         .00047 40.60  5
    540.0        -.00224 40.66  5
    570.0         .00014 40.72  5
    600.0        -.00190 40.78  5
    630.0         .00324 40.84  5
    660.0        -.00272 40.90  5
    690.0         .00252 40.96  5
    720.0        -.00372 41.01  5
    750.0         .00063 41.07  5
    780.0         .00247 41.12  5
    810.0         .00026 41.17  5
    840.0         .00160 41.22  5
    870.0         .00024 41.26  5
    900.0        -.00119 41.31  5
    930.0        -.00133 41.36  5
    960.0        -.00133 41.40  5
    990.0         .00088 41.44  5
   1020.0         .00325 41.48  5
   1050.0         .00232 41.52  5
   1080.0        -.00038 41.56  5
   1110.0        -.00160 41.59  5
   1140.0        -.00232 41.63  5
   1170.0         .00262 41.66  5
   1200.0        -.00106 41.69  5
   1230.0        -.00175 41.72  5
   1260.0        -.00059 41.75  5
   1290.0         .00242 41.78  5
   1320.0        -.00225 41.81  5
   1350.0         .00102 41.83  5
   1380.0         .00157 41.85  5
   1410.0         .00149 41.88  5
   1440.0        -.00073 41.90  5
   1470.0        -.00302 41.91  5
   1500.0         .00206 41.93  5
   1530.0         .00290 41.95  5
   1560.0        -.00223 41.96  5
   1590.0         .00421 41.97  5
   1620.0        -.00179 41.99  5
   1650.0        -.00138 42.00  5
   1680.0        -.00426 42.00  5
   1710.0         .00478 42.01  5
   1740.0         .00064 42.02  5
   1770.0         .00101 42.02  5
   1800.0        -.00077 42.02  5
   1830.0         .00061 42.02  5
   1860.0         .00061 42.02  5
   1890.0        -.00058 42.02  5
   1920.0         .00025 42.02  5
   1950.0        -.00183 42.01  5
   1980.0        -.00054 42.01  5
   2010.0         .00163 42.00  5
   2040.0         .00222 41.99  5
   2070.0        -.00105 41.98  5
   2100.0        -.00296 41.96  5
   2130.0         .00053 41.95  5
   2160.0         .00164 41.94  5
   2190.0         .00116 41.92  5
   2220.0        -.00089 41.90  5
   2250.0        -.00282 41.88  5
   2280.0        -.00119 41.86  5
   2310.0         .00152 41.84  5
   2340.0         .00359 41.82  5
   2370.0        -.00029 41.79  5
   2400.0        -.00175 41.76  5
   2430.0        -.00214 41.74  5
   2460.0         .00236 41.71  5
   2490.0        -.00176 41.68  5
   2520.0         .00187 41.64  5
   2550.0        -.00123 41.61  5
   2580.0        -.00192 41.58  5
   2610.0        -.00039 41.54  5
   2640.0         .00166 41.50  5
   2670.0         .00098 41.46  5
   2700.0        -.00242 41.42  5
   2730.0         .00040 41.38  5
   2760.0         .00088 41.34  5
   2790.0         .00187 41.29  5
   2820.0         .00241 41.25  5
   2850.0        -.00128 41.20  5
   2880.0        -.00104 41.15  5
   2910.0         .00008 41.10  5
   2940.0        -.00075 41.05  5
   2970.0         .00064 41.00  5
   3000.0         .00196 40.95  5
   3030.0         .00058 40.89  5
   3060.0         .00160 40.84  5
   3090.0         .00067 40.78  5
   3120.0        -.00014 40.72  5
   3150.0        -.00253 40.66  5
   3180.0         .00112 40.60  5
   3210.0         .00146 40.54  5
   3240.0        -.00167 40.48  5
   3270.0         .00009 40.41  5
   3300.0        -.00182 40.35  5
   3330.0         .00001 40.28  5
   3360.0         .00293 40.21  5
   3390.0        -.00088 40.14  5
   3420.0         .00078 40.07  5
   3450.0         .00181 40.00  5
   3480.0         .00031 39.93  5
   3510.0        -.00238 39.86  5
   3540.0        -.00191 39.78  5
   3570.0         .00100 39.70  5
   3600.0        -.00224 39.63  5
    390.0        -.00017 53.90 24
    420.0        -.00169 53.87 24
    450.0        -.00192 53.83 24
    480.0        -.00009 53.80 24
    510.0        -.00078 53.76 24
    540.0         .00284 53.72 24
    570.0         .00205 53.68 24
    600.0         .00140 53.64 24
    630.0         .00146 53.61 24
    660.0        -.00386 53.57 24
    690.0        -.00122 53.53 24
    720.0        -.00264 53.49 24
    750.0         .00044 53.45 24
    780.0         .00367 53.41 24
    810.0         .00191 53.37 24
    840.0         .00085 53.33 24
    870.0         .00050 53.29 24
    900.0        -.00334 53.25 24
    930.0        -.00074 53.20 24
    960.0        -.00049 53.16 24
    990.0         .00122 53.12 24
   1020.0         .00289 53.08 24
   1050.0        -.00026 53.03 24
   1080.0        -.00041 52.99 24
   1110.0        -.00062 52.95 24
   1140.0        -.00203 52.90 24
   1170.0         .00164 52.86 24
   1200.0        -.00139 52.81 24
   1230.0        -.00145 52.77 24
   1260.0         .00149 52.73 24
   1290.0         .00077 52.68 24
   1320.0        -.00346 52.63 24
   1350.0         .00007 52.59 24
   1380.0         .00031 52.54 24
   1410.0         .00163 52.50 24
   1440.0         .00119 52.45 24
   1470.0        -.00085 52.40 24
   1500.0        -.00046 52.36 24
   1530.0         .00482 52.31 24
   1560.0        -.00405 52.26 24
   1590.0         .00321 52.22 24
   1620.0         .00070 52.17 24
   1650.0        -.00016 52.12 24
   1680.0        -.00146 52.07 24
   1710.0         .00212 52.02 24
   1740.0         .00013 51.98 24
   1770.0         .00132 51.93 24
   1800.0        -.00003 51.88 24
   1830.0         .00406 51.83 24
   1860.0        -.00121 51.78 24
   1890.0        -.00463 51.73 24
   1920.0         .00310 51.68 24
   1950.0        -.00044 51.63 24
   1980.0        -.00044 51.58 24
   2010.0         .00234 51.53 24
   2040.0        -.00026 51.48 24
   2070.0         .00051 51.43 24
   2100.0         .00075 51.38 24
   2130.0        -.00106 51.33 24
   2160.0         .00181 51.28 24
   2190.0         .00022 51.23 24
   2220.0        -.00236 51.17 24
   2250.0         .00088 51.12 24
   2280.0        -.00050 51.07 24
   2310.0         .00091 51.02 24
   2340.0         .00396 50.97 24
   2370.0        -.00332 50.92 24
   2400.0        -.00229 50.86 24
   2430.0         .00135 50.81 24
   2460.0        -.00232 50.76 24
   2490.0        -.00091 50.71 24
   2520.0         .00121 50.65 24
   2550.0        -.00111 50.60 24
   2580.0        -.00103 50.55 24
   2610.0        -.00177 50.49 24
   2640.0         .00237 50.44 24
   2670.0        -.00097 50.39 24
   2700.0        -.00114 50.33 24
   2730.0         .00091 50.28 24
   2760.0         .00196 50.23 24
   2790.0         .00179 50.17 24
   2820.0         .00251 50.12 24
   2850.0        -.00215 50.06 24
   2880.0        -.00231 50.01 24
   2910.0        -.00045 49.95 24
   2940.0        -.00150 49.90 24
   2970.0        -.00033 49.85 24
   3000.0         .00115 49.79 24
   3030.0        -.00009 49.74 24
   3060.0         .00261 49.68 24
   3090.0        -.00161 49.63 24
   3120.0         .00210 49.57 24
   3150.0        -.00377 49.52 24
   3180.0         .00210 49.46 24
   3210.0        -.00085 49.40 24
   3240.0         .00033 49.35 24
   3270.0         .00049 49.29 24
   3300.0         .00326 49.24 24
   3330.0        -.00223 49.18 24
   3360.0        -.00187 49.13 24
   3390.0        -.00063 49.07 24
   3420.0        -.00173 49.01 24
   3450.0         .00357 48.96 24
   3480.0         .00254 48.90 24
   3510.0        -.00141 48.85 24
   3540.0        -.00181 48.79 24
   3570.0        -.00018 48.73 24
   3600.0        -.00107 48.68 24
   2850.0        -.00185 10.23 23
   2880.0        -.01213 10.43 23
   2910.0         .01010 10.62 23
   2940.0         .00376 10.81 23
   2970.0        -.00735 11.00 23
   3000.0         .00149 11.19 23
   3030.0         .00839 11.38 23
   3060.0        -.01041 11.57 23
   3090.0         .00976 11.76 23
   3120.0         .00309 11.95 23
   3150.0        -.01408 12.14 23
   3180.0         .00032 12.33 23
   3210.0         .00843 12.52 23
   3240.0        -.01338 12.71 23
   3270.0         .00228 12.90 23
   3300.0         .00764 13.09 23
   3330.0        -.01041 13.28 23
   3360.0         .00557 13.46 23
   3390.0         .00670 13.65 23
   3420.0        -.00990 13.84 23
   3450.0         .00126 14.03 23
   3480.0         .00861 14.22 23
   3510.0         .00164 14.41 23
   3540.0        -.00912 14.60 23
   3570.0         .00368 14.79 23
   3600.0        -.00334 14.98 23
